loudercloser,16.792606792959912,18.62016969923322,0.913887932887522
badly-wisest,16.792606792959912,18.62016969923322,0.9488489391196712
fairly!fated,16.792606792959912,18.62016969923322,0.9442512393149078
slobaciously-third,11.96385818571518,18.62016969923322,0.9444068685709762
swiftlywistful,16.792606792959912,18.62016969923322,0.24267099191225994
enthusiasticallyploffskin,15.651317152648877,18.62016969923322,0.11889997947687907
formerly@sickly,14.877341121019755,18.62016969923322,0.4754102999756406
deep!unlikely,9.114690759993342,18.62016969923322,0.9297184043902602
utterlybusy,16.792606792959912,18.62016969923322,0.2440395710184285
half@foamy,17.00336286479308,18.62016969923322,0.4540483174378658
awefully.dearest,16.792606792959912,18.62016969923322,0.11216521703967845
newly@undefiled,11.500554397229472,18.62016969923322,0.9510621014551388
firmly@lurid,16.792606792959912,18.62016969923322,0.45406725410976745
behind@simple,16.930952626052857,18.62016969923322,0.9513374077896537
almost.highest,16.792606792959912,18.62016969923322,0.45931055748829164
whilk.higher,10.388128427248477,18.62016969923322,0.9511012728873238
fully@tyll,16.792606792959912,18.62016969923322,0.4616720190755209
soonsleepless,14.947842489417662,18.62016969923322,0.47286907782671483
unexpectedlylithe,14.877341121019755,18.62016969923322,0.929879273733892
certainly@faint,12.153661742405468,18.62016969923322,0.9290693615952209
possibly-lank,16.792606792959912,18.62016969923322,0.11898826706859704
always-uncomfortable,14.877341121019755,18.62016969923322,0.9348637963920641
beyond!extreme,12.72147921800415,18.62016969923322,0.45992420684094293
strangely@manly,16.792606792959912,18.62016969923322,0.9449992215239623
together!comely,9.633800504260288,18.62016969923322,0.9266830668540269
very-striped,9.571285919482987,18.62016969923322,0.4598644901905591
subsequently!oracular,16.792606792959912,18.62016969923322,0.4587641425091418
inwardly!harder,12.054863186429522,18.62016969923322,0.9439044735380558
below.delicate,15.14645942837229,18.62016969923322,0.059557369857139664
there!inconvenient,13.167825530109134,18.62016969923322,0.9394606285554024
beneath@unheard,14.282261465888357,18.62016969923322,0.23451362709150497
calmly@pretty,10.547019458654587,18.62016969923322,0.4592037308770433
frankly!drunk,16.792606792959912,18.62016969923322,0.4694750259556857
upside!faint,12.102994044590453,18.62016969923322,0.9442813684392286
seriously.merciful,16.792606792959912,18.62016969923322,0.24412282456838114
blindly!turbid,16.792606792959912,18.62016969923322,0.23356520998204156
undoubtedly!laced,16.792606792959912,18.62016969923322,0.9508683681611727
matter@forgotten,16.792606792959912,18.62016969923322,0.4598673799064016
underneath@same,11.757179290962746,18.62016969923322,0.9257798764837954
tillsnug,13.479782962363432,18.62016969923322,0.0038048238959582092
doubtfullygingerbread,14.877341121019755,18.62016969923322,0.2440804586814713
tearfullybodied,16.792606792959912,18.62016969923322,0.4596715056024066
hitherto-several,16.792606792959912,18.62016969923322,0.45876451952576425
somehow.keenest,16.792606792959912,18.62016969923322,0.9442164518887304
downwards-free,12.028863237478301,18.62016969923322,0.014864282299316162
scarcely!disjointed,16.792606792959912,18.62016969923322,0.9259138950299023
deep.grey,9.642994714314433,18.62016969923322,0.45970967775262045
possibly-formal,16.792606792959912,18.62016969923322,0.9486330948825333
darklyunpitying,14.877341121019755,18.62016969923322,0.2344065191811444
incautiously@brazen,16.792606792959912,18.62016969923322,0.475329587434184
tolerably!lavish,16.792606792959912,18.62016969923322,0.9507412061865226
sweetlyblamable,16.792606792959912,18.62016969923322,0.9433376721005696
east@mazy,17.038261991015315,18.62016969923322,0.9509183776301673
alwayslarge,10.903250229871533,18.62016969923322,0.46126228944413566
whereon.gratifying,14.17912564149201,18.62016969923322,0.935205848848853
awhile@perverse,14.877341121019755,18.62016969923322,0.9533665102226786
thereby.fleecy,16.792606792959912,18.62016969923322,0.9505810188265571
wherein!terrified,14.877341121019755,18.62016969923322,0.45590895204997495
excessively!desperate,16.792606792959912,18.62016969923322,0.0009492770344913685
dimly.clammy,11.526550792556172,18.62016969923322,0.9433886374045599
eversubdued,14.390694201518643,18.62016969923322,0.45398165730442885
highly@blind,12.193192140566063,18.62016969923322,0.45352375250223675
above@ladye,9.842339810856368,18.62016969923322,0.9507420297092389
homeward.fleeting,16.792606792959912,18.62016969923322,0.4540428010211122
midnight@rattlesnake,10.139597514489365,18.62016969923322,0.9349624250387722
proudly.woeful,16.792606792959912,18.62016969923322,0.457753974083924
proudlyunbeguiled,11.526550792556172,18.62016969923322,0.9529933795376464
just-instructive,14.363305982501604,18.62016969923322,0.2443203953187533
capriciously!hush,12.300501505528516,18.62016969923322,0.23452792690427438
abominably@multitude,15.07232862126014,18.62016969923322,0.9364108904120026
consecutively.mimic,16.792606792959912,18.62016969923322,0.2344569714609386
anew@youngest,16.987594293200296,18.62016969923322,0.11812575676828728
wyll.undying,16.792606792959912,18.62016969923322,0.9530018611199454
consistently-distasteful,14.877341121019755,18.62016969923322,0.929134163352047
here.mazy,14.17574464192962,18.62016969923322,0.11417051620052585
suddenly@drunk,16.792606792959912,18.62016969923322,0.24325627873024214
continuallyoracular,14.32087641297566,18.62016969923322,0.23337966421291695
asunder!other,13.161961607005914,18.62016969923322,0.11324502773847481
further.viewless,16.792606792959912,18.62016969923322,0.9440079995620165
longer-silken,16.987594293200296,18.62016969923322,0.9529922814872425
uneasily.delightful,16.792606792959912,18.62016969923322,0.9510643976814037
forth!roast,9.99274487015164,18.62016969923322,0.9504333004833723
newlydistressing,16.792606792959912,18.62016969923322,0.4599533151588335
twicky.towering,14.877341121019755,18.62016969923322,0.4487198657705368
capriciously-sainted,16.792606792959912,18.62016969923322,0.9443350528439262
kind!stainless,15.256508962269734,18.62016969923322,0.23537419838779994
most.vicious,14.781949505706656,18.62016969923322,0.23516470102226203
properly-aquatic,16.792606792959912,18.62016969923322,0.24185481065169667
clerkly@blank,16.792606792959912,18.62016969923322,0.9352734696423418
consecutivelycold,12.163387088266427,18.62016969923322,0.952979510066949
only-exempt,8.937241468474097,18.62016969923322,0.24271870020376785
scarcely-remarkable,16.792606792959912,18.62016969923322,0.9259138950299023
tweely-timid,16.792606792959912,18.62016969923322,0.0602496624150355
homewardphotographic,16.792606792959912,18.62016969923322,0.4538079629724937
abominably.trellised,14.877341121019755,18.62016969923322,0.9452816085843101
daily.lighter,16.792606792959912,18.62016969923322,0.9452861447776436
’twas-trivial,14.17912564149201,18.62016969923322,0.9508855392277273
unaccountablymere,14.877341121019755,18.62016969923322,0.45874426260021145
fourthly!latter,16.792606792959912,18.62016969923322,0.23442864599830213
foolishly@mannered,16.792606792959912,18.62016969923322,0.9300097821086086
whereinmellow,9.611285120616019,18.62016969923322,0.9530389726910805
rapidly@gracious,12.300493066272468,18.62016969923322,0.9506595719513825
doon-pleased,12.569602934517052,18.62016969923322,0.9442788007527183
everywhere-wicked,16.792606792959912,18.62016969923322,0.9438641991241159
vainly@marble,14.877341121019755,18.62016969923322,0.9424333727117663
shilly@vapoury,16.792606792959912,18.62016969923322,0.24335003520716877
aheadchildish,16.792606792959912,18.62016969923322,0.12074650910416074
commonly.savage,16.792606792959912,18.62016969923322,0.11324554167681343
coldly!amiable,17.125940126293244,18.62016969923322,0.9405796159777712
forth.clammy,9.685415927728167,18.62016969923322,0.4595709124555833
such.regal,14.066194411252612,18.62016969923322,0.9523543333446897
slowlyleft,10.868689302448901,18.62016969923322,0.4616262256214435
long.hearty,9.291143504937239,18.62016969923322,0.943905003055084
usually.aquatic,16.792606792959912,18.62016969923322,0.23316001176749207
gracefully@ploshkin,15.651317152648877,18.62016969923322,0.24193941658612925
bestlurid,15.12299631907516,18.62016969923322,0.45995347487105365
here.larger,14.17574464192962,18.62016969923322,0.4695461242659243
unclaspgood,12.198403934880062,18.62016969923322,0.23338276961746007
consistently-actual,14.877341121019755,18.62016969923322,0.4586935412355469
upside@dreary,16.792606792959912,18.62016969923322,0.24353538009417355
before!towering,14.566531611031063,18.62016969923322,0.9364580640060058
suchhorrible,14.066194411252612,18.62016969923322,0.9487734192029342
heavily.tyll,17.125940126293244,18.62016969923322,0.45994972040689186
unaccountably@quiet,14.877341121019755,18.62016969923322,0.9534781789143166
tearfully-distant,16.792606792959912,18.62016969923322,0.9146967891444016
sublyme@topmost,16.792606792959912,18.62016969923322,0.23352228176839915
fortunately@solitary,16.792606792959912,18.62016969923322,0.4534002173570658
abruptly.elegant,16.792606792959912,18.62016969923322,0.4695367485039847
faintly-fairer,16.792606792959912,18.62016969923322,0.9202502429557101
likewise@satin,11.859875686189136,18.62016969923322,0.11365408089614526
patiently!seventh,16.792606792959912,18.62016969923322,0.11264704327656862
much.discordant,14.955496205565431,18.62016969923322,0.9529866274701976
scarcelyearnest,12.388162762442448,18.62016969923322,0.9488183047697963
soundly-obese,16.792606792959912,18.62016969923322,0.9439560892444632
frequently-syllogistic,16.792606792959912,18.62016969923322,0.1132540730727815
’twas!woolly,14.17912564149201,18.62016969923322,0.2360430558364674
shingly!lordly,16.792606792959912,18.62016969923322,0.24335209620786216
headyekeenest,16.792606792959912,18.62016969923322,0.9489658170336975
unclasp@trellised,16.792606792959912,18.62016969923322,0.45870266047292246
slowly@reverent,14.586962005466273,18.62016969923322,0.244039219741673
wide!studious,17.09030172498774,18.62016969923322,0.459920933880906
totally@secret,16.913463486088148,18.62016969923322,0.9266299552779249
darklymuch,10.692534129308426,18.62016969923322,0.9505891907271924
entirely!airy,11.500554397229472,18.62016969923322,0.00376252147123274
tenderly.else,16.792606792959912,18.62016969923322,0.4598643233199766
latertrifling,16.792606792959912,18.62016969923322,0.9483281285816865
exactly-boastful,14.32087641297566,18.62016969923322,0.4615552516068364
violently.plentiful,14.856080312818804,18.62016969923322,0.9257849735778338
exactlyundoubted,14.32087641297566,18.62016969923322,0.46155526312047257
happily@reverent,14.877341121019755,18.62016969923322,0.9529820806975466
bemble-keenest,16.792606792959912,18.62016969923322,0.23453834728413608
soundless.flowery,14.877341121019755,18.62016969923322,0.4753065026859842
naturally.cheerful,14.52274697948547,18.62016969923322,0.0038048391846207466
half@small,12.683502417558795,18.62016969923322,0.45912124152017597
compactlypainful,16.792606792959912,18.62016969923322,0.2343934698781287
tightly!uneasy,16.792606792959912,18.62016969923322,0.9505021999557701
sublyme-steady,11.500554397229472,18.62016969923322,0.24326839613557463
unsuccessfully!fishy,16.792606792959912,18.62016969923322,0.45385521553476915
inside@passé,16.792606792959912,18.62016969923322,0.46158408648456956
patientlywavy,11.500554397229472,18.62016969923322,0.949034990754328
homewardrocky,16.792606792959912,18.62016969923322,0.4573973832810764
jinglywordless,16.987594293200292,18.62016969923322,0.9529966025426301
well-tame,9.02249404741786,18.62016969923322,0.9530093716947161
partly-voluble,16.792606792959912,18.62016969923322,0.4573360308009306
forthwith!interested,16.792606792959912,18.62016969923322,0.9261281022665871
nighmortal,17.233249491255695,18.62016969923322,0.9441910415403355
wisely-couldst,16.792606792959912,18.62016969923322,0.9330964330619537
unaccountably@clangel,14.877341121019755,18.62016969923322,0.9355266578607913
late!mortal,16.987594293200292,18.62016969923322,0.459452326714503
perhaps!triumphant,14.088160616444823,18.62016969923322,0.9528046428713718
also!studious,16.792606792959912,18.62016969923322,0.9486040675812349
cheerfully.rapt,16.792606792959912,18.62016969923322,0.929736933748147
vainly-rash,14.877341121019755,18.62016969923322,0.24292089446670073
franklysnaky,16.792606792959912,18.62016969923322,0.9447141254218089
vainly!great,10.822500451006853,18.62016969923322,0.4574010173723582
sparely-tropical,16.792606792959912,18.62016969923322,0.9261308973580569
utterly!plum,12.679677786182644,18.62016969923322,0.4598657210669329
placidly@inconvenient,16.792606792959912,18.62016969923322,0.9363124540643389
respectfully.fated,14.877341121019755,18.62016969923322,0.9505276262676198
beyond@scroobious,17.42823699149608,18.62016969923322,0.9400567047709756
tweely!hotter,16.987594293200296,18.62016969923322,0.24403373989624316
doubtfullylank,14.877341121019755,18.62016969923322,0.9483306998961911
madly@other,13.161961607005914,18.62016969923322,0.4510298939958271
coldlypresent,11.82551759105219,18.62016969923322,0.9447836708190313
headye!chippy,16.987594293200296,18.62016969923322,0.4599211765186165
tenderly@rural,16.792606792959912,18.62016969923322,0.9505014993676478
while@sublime,8.75759235638209,18.62016969923322,0.11956190383667964
oftencrusty,14.877341121019755,18.62016969923322,0.9438858374090733
dumbly@extraneous,14.877341121019755,18.62016969923322,0.9298491957000563
here@anxious,14.17574464192962,18.62016969923322,0.9530055871219701
grimly@gaunt,16.792606792959912,18.62016969923322,0.23674388770159244
frequently-aghast,11.573282018051032,18.62016969923322,0.0037352628983359165
incidentally.queenly,16.792606792959912,18.62016969923322,0.45370416618428056
strowndolorous,16.792606792959912,18.62016969923322,0.2433396138350567
alas-insect,14.52274697948547,18.62016969923322,0.944330188626796
coldly!fruitless,16.792606792959912,18.62016969923322,0.9450092777790209
fortunately!celestial,16.792606792959912,18.62016969923322,0.23452797811496817
aloud!dumpy,16.930952626052857,18.62016969923322,0.9447330075667222
later-green,12.37761515790831,18.62016969923322,0.9352383848419339
though-vapoury,13.750429317690424,18.62016969923322,0.9364838538245953
downward@barbary,16.792606792959912,18.62016969923322,0.46946789972037856
downstairs-soft,16.792606792959912,18.62016969923322,0.929069344983618
certainly.duller,16.843274490774927,18.62016969923322,0.9444262971211027
shally-evil,16.792606792959912,18.62016969923322,0.9506975595321149
just-uneasy,14.363305982501604,18.62016969923322,0.9529819903694242
ladye!rosy,17.061725100312444,18.62016969923322,0.4600123008973202
willingly@mental,16.792606792959912,18.62016969923322,0.9297366285530818
regardless-insect,14.877341121019755,18.62016969923322,0.9444173464486495
shingly!glorious,16.792606792959912,18.62016969923322,0.060472692902839215
slightly-friendly,16.792606792959912,18.62016969923322,0.4599206147221069
very@naughty,14.063399646170431,18.62016969923322,0.9424603527444814
nightly.chickabee,16.792606792959912,18.62016969923322,0.9506188760793342
continually-alien,14.32087641297566,18.62016969923322,0.9506769453867929
purely@trivial,16.792606792959912,18.62016969923322,0.45727336012768444
unaccountablyinnocuous,14.877341121019755,18.62016969923322,0.23349202414179965
ryghte.unwhispered,17.125940126293244,18.62016969923322,0.9505613930592963
again!wolfish,15.544007787686423,18.62016969923322,0.9297328178089277
partly@baleful,16.792606792959912,18.62016969923322,0.4578186632436972
tolerably!couldst,16.792606792959912,18.62016969923322,0.060132178086295854
after@sanguinary,14.042731301955477,18.62016969923322,0.9534532927522211
i’llelderly,9.332032779600612,18.62016969923322,0.24381495048977708
badly.waesome,16.792606792959912,18.62016969923322,0.9156599444686011
shally-lucky,16.792606792959912,18.62016969923322,0.4574009724416632
incidentally@feathery,16.792606792959912,18.62016969923322,0.45991576698722675
tailybrowny,17.125940126293244,18.62016969923322,0.9489533625508543
consecutively!wolfish,16.792606792959912,18.62016969923322,0.45986420151437024
guiltily@mature,16.792606792959912,18.62016969923322,0.06019823264211999
enough.quondam,17.038261991015315,18.62016969923322,0.23315914408003013
somehow!heavy,16.792606792959912,18.62016969923322,0.9486524176076964
slightlyghost,11.96298980913894,18.62016969923322,0.9505742031592324
forever-last,12.481243419967887,18.62016969923322,0.24268461976578307
simply-cheapest,11.526550792556172,18.62016969923322,0.9438831602715483
deeply.clear,11.642529830564968,18.62016969923322,0.11361072356563294
beyond.domestic,17.12594012629324,18.62016969923322,0.4526754756745328
consecutively@sunny,16.792606792959912,18.62016969923322,0.23445697146093863
strownlidded,16.792606792959912,18.62016969923322,0.11322498901829268
nevertheless@violet,10.446906913118982,18.62016969923322,0.9438865837592607
everywheresober,16.792606792959912,18.62016969923322,0.9291288818125305
gracefullyfathomless,14.877341121019755,18.62016969923322,0.2428060363246561
deepecstatic,14.38074676039708,18.62016969923322,0.9521761624703434
inkstand.tranquil,16.987594293200292,18.62016969923322,0.9534726414618252
somewhere@provoking,11.833879734979645,18.62016969923322,0.4538549679199503
usually!crested,16.792606792959912,18.62016969923322,0.233158591482971
surely.elastic,14.52274697948547,18.62016969923322,0.9332698745664061
stealthilytroubled,14.856080312818804,18.62016969923322,0.9529921903937048
headlong-steady,9.585288725289317,18.62016969923322,0.2353387098110883
headye@strange,12.828754829200292,18.62016969923322,0.11418250560070747
consistently@upsetting,14.877341121019755,18.62016969923322,0.47546413105229884
newly-friskier,11.859875686189136,18.62016969923322,0.9529987360050495
alwaysscarce,14.877341121019755,18.62016969923322,0.9505917941282851
usually!profound,11.526550792556172,18.62016969923322,0.4483145605068948
best-motionless,10.190265212304384,18.62016969923322,0.9499072430673445
throughhorrid,14.357851696442752,18.62016969923322,0.9363202320078315
trulyunresisting,16.792606792959912,18.62016969923322,0.2345291300457108
instinctively@french,16.792606792959912,18.62016969923322,0.9487982981826057
oncewhatsoever,14.517769626089047,18.62016969923322,0.9530027471016944
dimly.aged,16.792606792959912,18.62016969923322,0.9265111399010517
deepmorbid,14.38074676039708,18.62016969923322,0.9438561250383922
forever-flowery,17.125940126293244,18.62016969923322,0.47552028971948224
consistently@rude,9.585288725289317,18.62016969923322,0.47551026819150405
surelybountiful,14.52274697948547,18.62016969923322,0.06019457445543321
surreptitiously-newest,16.792606792959912,18.62016969923322,0.9349639836716869
firmly.national,16.792606792959912,18.62016969923322,0.4540518289356655
meanwhile!evanescent,16.792606792959912,18.62016969923322,0.11897952697514233
least-showy,16.899916157922362,18.62016969923322,0.46162540410470915
better@fleeting,16.792606792959912,18.62016969923322,0.9449872990373888
seldom!fatter,16.899916157922362,18.62016969923322,0.9507203492743751
seldom.comely,11.967185051151587,18.62016969923322,0.12011297472748045
calmlypossible,10.277926468625905,18.62016969923322,0.4527633601981821
particularly@swinish,16.792606792959912,18.62016969923322,0.46000282148679
ryghtecurious,12.633826399605802,18.62016969923322,0.9362765492773485
kind@afraid,10.159440068971483,18.62016969923322,0.9351981260000171
once-delighted,14.517769626089047,18.62016969923322,0.9529175947204435
aptly@crude,11.526550792556172,18.62016969923322,0.45124924482037904
prowly-severe,9.611285120616019,18.62016969923322,0.9450884225727418
sweetlysudorific,16.792606792959912,18.62016969923322,0.46155808560235173
anither.ornamental,14.877341121019755,18.62016969923322,0.9523244497546483
slightly!ghostly,16.792606792959912,18.62016969923322,0.06019341313677198
willingly@chickabee,16.792606792959912,18.62016969923322,0.9534179946233194
doubtfully-underground,9.611285120616019,18.62016969923322,0.9488587328301427
loudly@cruel,16.792606792959912,18.62016969923322,0.2359998593414539
stillrosewood,8.802462171162864,18.62016969923322,0.9489666844263612
whereforecapable,16.792606792959912,18.62016969923322,0.9259798483651951
before-mannered,14.566531611031063,18.62016969923322,0.9364584458750953
tightly-waterproof,16.792606792959912,18.62016969923322,0.9438740598608036
beneath!baleful,14.282261465888357,18.62016969923322,0.23451403509837834
very!hollow,14.063399646170431,18.62016969923322,0.9446903197559411
deep.loveliest,14.38074676039708,18.62016969923322,0.9363203426324136
guiltilybusy,16.792606792959912,18.62016969923322,0.9506776587304988
considerably.nobler,16.792606792959912,18.62016969923322,0.951220044575408
matter@grey,12.054854746877265,18.62016969923322,0.9137537273100467
fairly.less,12.633801082726222,18.62016969923322,0.449164346722056
tweely@contemptuous,16.792606792959912,18.62016969923322,0.9260376371942677
late-convivial,16.987594293200292,18.62016969923322,0.9504818938824379
often.stainless,14.877341121019755,18.62016969923322,0.47516033443318073
terriblyjoyful,14.877341121019755,18.62016969923322,0.24299708365958092
hence@nigh,11.595372296227378,18.62016969923322,0.4525766156762026
forever.tchokis,17.125940126293244,18.62016969923322,0.47552019167955306
hence!plainer,16.792606792959912,18.62016969923322,0.9507513477207331
happilygeneral,14.877341121019755,18.62016969923322,0.9334911001199794
immediately.hotter,16.987594293200296,18.62016969923322,0.9505907685988529
utterlyfeeble,16.792606792959912,18.62016969923322,0.9355329292137226
next@verdant,8.919703259752957,18.62016969923322,0.9513320383167913
unaccountably!devoid,14.877341121019755,18.62016969923322,0.0009487684516924407
swiftly.troubled,16.792606792959912,18.62016969923322,0.060190223802925796
suddenly-sunny,16.792606792959912,18.62016969923322,0.2433383866179318
carelessly.squishy,11.526550792556172,18.62016969923322,0.9300088361743053
kindly@thick,11.963863424145133,18.62016969923322,0.4596086808203137
wisely@headlong,16.792606792959912,18.62016969923322,0.4615806848841894
tumbly!nigh,9.680106624287223,18.62016969923322,0.9329466619619351
thoroughly.cautious,16.792606792959912,18.62016969923322,0.47560400593096364
fowly-afraid,11.695537899661659,18.62016969923322,0.9438837825678067
wide@worldly,17.42363505832107,18.62016969923322,0.45380800926013987
chiefly!sensational,16.792606792959912,18.62016969923322,0.9512313759716617
chiefly!peculiar,12.054854746877265,18.62016969923322,0.9521603498032285
safely-merciful,16.792606792959912,18.62016969923322,0.060196471803003616
bitter!utter,16.86673760007206,18.62016969923322,0.9524882652209532
downward!fast,12.012287158966087,18.62016969923322,0.4564831720842738
utterly-leetle,11.859875686189136,18.62016969923322,0.9531558396990517
through@depressing,14.162864196202369,18.62016969923322,0.9297262886831354
most!pleasant,10.256640343101099,18.62016969923322,0.0018702303436011595
seriously.verdant,11.526550792556172,18.62016969923322,0.11199677502749962
around-congenial,14.482685355365742,18.62016969923322,0.9506503925946737
carelesslylarger,16.792606792959912,18.62016969923322,0.9530149306849485
though@eldest,14.083762651023756,18.62016969923322,0.4710643152777723
slightly@exempt,11.526550792556172,18.62016969923322,0.9529185725356449
anewabstemious,16.792606792959912,18.62016969923322,0.45962895810859145
taneouslylaced,16.792606792959912,18.62016969923322,0.9503936869809957
therefore-easier,14.877341121019755,18.62016969923322,0.9505275856037196
wide@flighty,11.824245724584003,18.62016969923322,0.9414106879749855
unrestrainedly-gratifying,14.877341121019755,18.62016969923322,0.4487260739856685
singly!unlikely,11.526550792556172,18.62016969923322,0.9438831632887965
right.dumpy,15.136543647240941,18.62016969923322,0.9513280018137384
franklyfleecy,16.792606792959912,18.62016969923322,0.9534378969570958
firmly.forlorn,11.492192115470786,18.62016969923322,0.23325647429506602
here@radiant,14.17574464192962,18.62016969923322,0.9453089244770222
remarkably!splendid,16.792606792959912,18.62016969923322,0.9156546235853488
somewhere@decorative,16.792606792959912,18.62016969923322,1.8314277553362415e-06
eastpossible,12.438847338621464,18.62016969923322,0.11219484958317325
vividlypelican,17.56658282458903,18.62016969923322,0.2345242457734311
hard.despairing,16.899916157922362,18.62016969923322,0.9524977531537236
more.ruddy,14.38425698289447,18.62016969923322,0.12000849986865465
concisely-fourth,16.792606792959912,18.62016969923322,0.4564294730052299
while@suicidal,13.85466124968034,18.62016969923322,0.9531338902654077
anew!favorable,16.792606792959912,18.62016969923322,0.4596306654130768
whereon-nobler,14.17912564149201,18.62016969923322,0.11364840251097295
graduallyprovoking,11.833879734979645,18.62016969923322,0.9297265751558065
’twas@youngest,14.374113141732396,18.62016969923322,0.47116567797659903
first-stiff,9.266061426615567,18.62016969923322,0.9504279318585289
shally-especial,16.792606792959912,18.62016969923322,0.46938999363210615
upside@amazing,12.054854746877265,18.62016969923322,0.9349618966326969
well-fairest,14.288550047821596,18.62016969923322,0.46170589978044096
respectively-orbicular,9.256690979081734,18.62016969923322,0.9300146075850045
darkly-expansive,14.877341121019755,18.62016969923322,0.24293149890770913
tenderly-candid,16.792606792959912,18.62016969923322,0.459671522337182
plainlycalamitous,16.792606792959912,18.62016969923322,0.45901646515432654
strowncutaneous,16.792606792959912,18.62016969923322,0.9449987347400748
ryghte.domestic,17.26428595938619,18.62016969923322,0.12070806899618983
exceedingly@subject,11.695537899661659,18.62016969923322,0.9300118602190013
constantly!intertwined,11.526550792556172,18.62016969923322,0.2335561540405153
formerlydulcet,14.877341121019755,18.62016969923322,0.4595691113913689
incredibly!cautious,16.792606792959912,18.62016969923322,0.4755940721219098
wideprofound,11.824245724584003,18.62016969923322,0.9297067334461961
franklyglorious,16.792606792959912,18.62016969923322,0.4589535269534796
mutely@undoubted,16.792606792959912,18.62016969923322,0.4596530026775401
abominably@towering,14.877341121019755,18.62016969923322,0.2345283002760453
undoubtedlybuttered,17.233249491255698,18.62016969923322,0.23451964213421372
’twasgood,9.584922783412159,18.62016969923322,0.950696502065297
immensely-buttered,17.233249491255698,18.62016969923322,0.23355472061299612
hurriedly.many,14.719621767074102,18.62016969923322,0.11364953742421006
subsequently-unable,16.792606792959912,18.62016969923322,0.4611485999867035
dumbly-trivial,14.877341121019755,18.62016969923322,0.9481490355058825
especially!original,14.877341121019755,18.62016969923322,0.46154550188903404
firmlydrear,16.792606792959912,18.62016969923322,0.9488340110330747
unawares!foolish,16.792606792959912,18.62016969923322,0.9444074236325456
unerringly!superincumbent,15.21067445435309,18.62016969923322,0.015021625026067707
soundly-whimsical,16.792606792959912,18.62016969923322,0.9452517071359898
madlyclean,12.054854746877265,18.62016969923322,0.9505779783347332
unclasp.cautious,16.792606792959912,18.62016969923322,0.4615794488068039
sweetly-fleecy,16.792606792959912,18.62016969923322,0.24325156423787564
just-manly,14.363305982501604,18.62016969923322,0.06018356306407071
respectfully.perpetual,14.877341121019755,18.62016969923322,0.4498002251799824
accurately-wistful,16.792606792959912,18.62016969923322,0.2426783741146636
quite.interested,14.264572225911941,18.62016969923322,0.9300197581395664
unexpectedly-stately,14.877341121019755,18.62016969923322,0.9156618282475245
around@piteous,14.482685355365742,18.62016969923322,0.4596543851498541
unerringly@transitory,15.21067445435309,18.62016969923322,0.003751235862556843
safelydrunk,16.792606792959912,18.62016969923322,0.11950804118548915
outright@silly,11.859884125889508,18.62016969923322,0.9405848417802453
less!awake,14.984650485982211,18.62016969923322,0.24415436458679046
mainly!himmeltanious,14.877341121019755,18.62016969923322,0.12072782826166548
high.emphatic,14.44988412067874,18.62016969923322,0.948650897563136
incautiouslyalone,11.568400557974398,18.62016969923322,0.44981054874742527
widefoolscap,17.09030172498774,18.62016969923322,0.9487858803257105
frankly@delicate,16.792606792959912,18.62016969923322,0.45404414286816785
while@unclean,8.588605249276602,18.62016969923322,0.9513299158566219
deeplyleetle,11.859875686189136,18.62016969923322,0.9488145438541843
alternately.floppy,17.654260959866964,18.62016969923322,0.06047286693509031
freely-distressing,16.792606792959912,18.62016969923322,0.9524844250397457
i’ve.latter,14.082502923576918,18.62016969923322,0.9505975348286505
anew!less,12.633801082726222,18.62016969923322,0.9264775073069488
midnight!supreme,15.07232862126014,18.62016969923322,0.9146697408473698
awhileturbid,14.877341121019755,18.62016969923322,0.9530299231842166
nevergentler,17.082191948533826,18.62016969923322,0.9363128574663101
clearly.cutaneous,16.792606792959912,18.62016969923322,0.9300097030815465
soundly@extreme,12.52649171776377,18.62016969923322,0.05960591876145009
most@disgusted,14.586962005466273,18.62016969923322,0.95074655743196
shally@restless,16.792606792959912,18.62016969923322,0.46939022265183056
however-hither,14.877341121019755,18.62016969923322,0.9334657118426822
farther@special,14.965019256297689,18.62016969923322,0.45648389408015183
away.twitchy,15.631685922964355,18.62016969923322,0.95304346306578
past!twitchy,17.084096498931956,18.62016969923322,0.23519973434096253
darklystill,10.255818399775551,18.62016969923322,0.24414874660067012
concisely.fimble,17.125940126293244,18.62016969923322,0.9499455212321714
course.quick,17.215100229914906,18.62016969923322,0.05957609654195412
consequentlyphotographic,16.792606792959912,18.62016969923322,0.44922736188041823
laterosewood,11.890525399902042,18.62016969923322,0.11953611803688313
whilk.leafy,14.987543079642329,18.62016969923322,0.933468676658307
humbly@wolfish,16.792606792959912,18.62016969923322,0.11416302331783713
thus-uncommonly,14.177094190645713,18.62016969923322,0.12001207643843614
badly@zealous,16.792606792959912,18.62016969923322,0.9425322784252625
slowly!dazzling,14.586962005466273,18.62016969923322,0.2440400246299712
respectfully.newest,14.877341121019755,18.62016969923322,0.9300035972243561
suddenly-regular,16.792606792959912,18.62016969923322,0.9488683531320976
anew@moppsikon,16.792606792959912,18.62016969923322,0.45940259222491175
utterly@twilight,16.792606792959912,18.62016969923322,0.23356109171409156
inwardly.calmer,11.859875686189136,18.62016969923322,0.934965765097682
shortly-visionary,14.877341121019755,18.62016969923322,0.9300088363796574
hard-stable,16.899916157922362,18.62016969923322,0.45268170508472083
well.respective,9.355818941050822,18.62016969923322,0.9328755089040509
strongly.silver,16.86673760007206,18.62016969923322,0.9329409948599531
blindly!lovely,16.872942826127844,18.62016969923322,0.45283581732214057
afterwardsunmannerly,11.526550792556172,18.62016969923322,0.9354578076726371
uneasily!unmanned,11.526550792556172,18.62016969923322,0.461148653210619
tumblyrosewood,9.780272227721506,18.62016969923322,0.0037862148373735164
enthusiastically!nobler,14.877341121019755,18.62016969923322,0.45380769992679093
farther@false,14.965019256297689,18.62016969923322,0.951330428352845
strangely@fruitage,16.792606792959912,18.62016969923322,0.9528859571265881
exactly!vain,9.47336807621753,18.62016969923322,0.9329575808409849
strongly.swinish,16.792606792959912,18.62016969923322,0.23334214277174173
after-darkest,14.042731301955477,18.62016969923322,0.45406258616878714
respectively!unpleasant,14.52274697948547,18.62016969923322,0.2335010374273207
horriblyobscure,11.526550792556172,18.62016969923322,0.9352188065019266
incredibly.dreadful,16.792606792959912,18.62016969923322,0.4755940721219098
nevertheless@twitchy,14.877341121019755,18.62016969923322,0.0037947596142684586
strangely@excessive,16.792606792959912,18.62016969923322,0.9156041108235677
softly.disgusting,16.792606792959912,18.62016969923322,0.9523032594371628
wyll!cruel,16.792606792959912,18.62016969923322,0.9438560807564174
also.unclean,11.526550792556172,18.62016969923322,0.4616997496471865
consecutivelymeloobious,16.792606792959912,18.62016969923322,0.06047494506961636
thoroughly.keenest,16.792606792959912,18.62016969923322,0.9486451049395865
jingly.mystic,16.987594293200292,18.62016969923322,0.9300069432722433
taily!wisest,17.125940126293244,18.62016969923322,0.003805263942554783
beneath-foolscap,14.282261465888357,18.62016969923322,0.930009749439116
midnight-unbeguiled,9.806272620856403,18.62016969923322,0.9355194904489033
especially.acquainted,14.877341121019755,18.62016969923322,0.9297184637255219
waddly!velvet,14.877341121019755,18.62016969923322,0.9510768727192183
nevertheless.vague,9.780272227721506,18.62016969923322,0.9529946999430731
soon-pipple,15.809496656324711,18.62016969923322,0.9481529806116425
together.alight,9.633800504260288,18.62016969923322,0.9264061164282288
tweely@hush,12.300501505528516,18.62016969923322,0.4587801094687436
tweedly.ceremonious,14.877341121019755,18.62016969923322,0.2345296343746021
right-cautious,15.136543647240941,18.62016969923322,0.9526711656145979
fourthly.cloudless,16.792606792959912,18.62016969923322,0.9397562348738147
downwards.same,11.757179290962746,18.62016969923322,0.9447405510326462
incessantly.vague,11.695537899661659,18.62016969923322,0.23452875832165912
such!eloquent,9.133463304481834,18.62016969923322,0.449110546915092
forthexhaustive,14.951471928131904,18.62016969923322,0.9523454229184457
very!incipient,14.063399646170431,18.62016969923322,0.46180274002211197
better!quondam,16.792606792959912,18.62016969923322,0.23441735803368102
fourthly@rosy,16.792606792959912,18.62016969923322,0.4525340193443573
just.toothsome,14.363305982501604,18.62016969923322,0.9507481044804154
usually@wicked,16.792606792959912,18.62016969923322,0.46167232726479257
twicky@arctic,14.877341121019755,18.62016969923322,0.9498324392798528
otherwise!general,16.792606792959912,18.62016969923322,0.9396436778442617
wholly!richest,16.792606792959912,18.62016969923322,0.9329433911418845
’twas!nutritious,14.17912564149201,18.62016969923322,0.9506725871335399
strangelymany,16.999769585208668,18.62016969923322,0.4598547313869742
sometimes-close,14.984650485982211,18.62016969923322,0.948777986731496
undoubtedly-clammy,11.526550792556172,18.62016969923322,0.9438863357339633
high.ghastly,14.44988412067874,18.62016969923322,0.9513037548452888
headlong.faint,10.187728372650296,18.62016969923322,0.950907364460034
fondly!meditative,16.792606792959912,18.62016969923322,7.462869207359264e-06
consecutively@pleasing,16.792606792959912,18.62016969923322,0.11271474036118495
tightly.wordless,16.792606792959912,18.62016969923322,0.46952975365868027
really@baleful,14.877341121019755,18.62016969923322,0.46167614879740815
patientlyelastic,16.792606792959912,18.62016969923322,0.11325580587441207
presently-anxious,14.52274697948547,18.62016969923322,0.45877252363949894
enoughpancaky,17.038261991015315,18.62016969923322,0.9489911440204717
abominably!botanical,14.877341121019755,18.62016969923322,0.9452816085843101
wearily-genuine,14.877341121019755,18.62016969923322,0.4600268688893365
loose-zigzag,14.877341121019755,18.62016969923322,0.23351811623074725
particularly@towering,16.792606792959912,18.62016969923322,0.0038048967368061845
though@camomile,14.083762651023756,18.62016969923322,0.9439978908189413
dumbly@slightest,14.877341121019755,18.62016969923322,0.950592091128519
justtrue,9.971368177949813,18.62016969923322,0.9156271847497677
excessively.chippy,16.987594293200296,18.62016969923322,0.9290411923719681
tolerably.wretched,16.792606792959912,18.62016969923322,0.9156659784461666
inkstand!disgusted,16.987594293200292,18.62016969923322,0.9439930680177265
perfectly-advantageous,14.915833526826402,18.62016969923322,0.951242473856683
clearlyborascible,16.792606792959912,18.62016969923322,0.9300097030789091
sweetly@congenial,16.792606792959912,18.62016969923322,0.9427495868011649
suchghost,9.236577427431639,18.62016969923322,0.9484667047476526
especially!mournful,14.877341121019755,18.62016969923322,0.461545501889034
brightlyfooted,16.792606792959912,18.62016969923322,0.2335687805730438
tweedly@gane,14.877341121019755,18.62016969923322,0.9401384221392709
beautifully!himmeltanious,16.792606792959912,18.62016969923322,0.9534401825317098
homeward-singular,16.792606792959912,18.62016969923322,0.4540428010250652
anew-more,12.006127921934976,18.62016969923322,0.45274797706968034
therescarlet,13.362813030349518,18.62016969923322,0.9529796448761703
grandly!inconvenient,16.792606792959912,18.62016969923322,0.45870463522133476
through@merciful,14.162864196202369,18.62016969923322,0.45398491436713834
whilk@genteel,10.054811972871551,18.62016969923322,0.9513120121616082
prowly.bated,14.877341121019755,18.62016969923322,0.9490088527131789
unclasp.highest,16.792606792959912,18.62016969923322,0.46931288799221144
deep@pink,9.466172056242385,18.62016969923322,0.9442777158130305
gladly!scroobious,17.233249491255698,18.62016969923322,0.45369255956147614
inside-fourth,16.792606792959912,18.62016969923322,0.9260107047805614
suchhorrid,14.261181911492997,18.62016969923322,0.9352231684935358
distinctly@foeman,16.792606792959912,18.62016969923322,0.47552818707904604
thus.childish,14.177094190645713,18.62016969923322,0.46156999435101137
rather@better,14.52274697948547,18.62016969923322,0.9487229970614789
even.torrible,14.366710920892304,18.62016969923322,0.45991898519899016
surreptitiously@jumbly,17.39505843364578,18.62016969923322,0.935237040501397
above!perverse,14.654209746308993,18.62016969923322,0.9442554713862793
sideways!lowest,17.125940126293244,18.62016969923322,0.9531017120446409
slobaciously!pellucid,16.792606792959912,18.62016969923322,0.4598791141570874
hurriedly!aquatic,14.512458974825345,18.62016969923322,0.9530293412155699
downwards-bodied,16.792606792959912,18.62016969923322,0.46946789972813724
soonersyllogistic,17.320927626533628,18.62016969923322,0.45994969916692435
because-crooked,13.971149833081608,18.62016969923322,0.11324567027383096
wisely.patient,16.792606792959912,18.62016969923322,0.9332748572453724
inwardlysmooth,17.320927626533628,18.62016969923322,0.9483390937688788
gaily.cloxam,16.792606792959912,18.62016969923322,0.9507842143960594
suddenly@addicted,16.792606792959912,18.62016969923322,0.23446250462880688
simplyluminous,17.200070933405396,18.62016969923322,0.9328781740386672
abroad.nosed,17.125940126293244,18.62016969923322,0.9329406367011751
vainly!alight,9.944610014248981,18.62016969923322,0.929129535138515
otherwise@more,12.006127921934976,18.62016969923322,0.4573274064289545
whereon@ploffskin,14.95310167312113,18.62016969923322,0.9291524428486565
sideways!soft,17.125940126293244,18.62016969923322,0.4692442252529494
aftersullen,14.042731301955477,18.62016969923322,0.9364834761766792
otherwise-fastidious,11.526550792556172,18.62016969923322,0.46935046906101846
surreptitiously-veriest,16.792606792959912,18.62016969923322,0.9254334148823101
home@cloudy,16.89246022024621,18.62016969923322,0.029979721942969346
safelyloud,16.987594293200296,18.62016969923322,0.23536621632079327
concisely.downward,16.792606792959912,18.62016969923322,0.9522289343968965
wildly!inner,16.792606792959912,18.62016969923322,0.9489604051171665
subsequentlynursy,16.792606792959912,18.62016969923322,0.24293173708000507
long-alight,9.291143504937239,18.62016969923322,0.05989352117904948
inwardly.gratifying,16.792606792959912,18.62016969923322,0.12010764427990275
gladly@appalling,16.792606792959912,18.62016969923322,0.9523395398908363
fairly-contemptuous,16.792606792959912,18.62016969923322,0.4615545079138593
incrediblymelancholy,11.82551759105219,18.62016969923322,0.11264792452616901
daily@flimsie,16.792606792959912,18.62016969923322,0.2451857817647542
particularlyusual,16.792606792959912,18.62016969923322,0.24185207854918522
incidentally!morbid,16.792606792959912,18.62016969923322,0.47532670491464984
strowndear,12.074099963345317,18.62016969923322,0.4573964223473441
therefore!vexed,14.965019256297689,18.62016969923322,0.46154438671298925
stealthily@friskier,9.92334920604803,18.62016969923322,0.45380770182974084
inside-nasty,16.792606792959912,18.62016969923322,0.9447607389366182
thereby@idiotic,16.792606792959912,18.62016969923322,0.9443049881774414
wistfullysunless,16.792606792959912,18.62016969923322,0.11324750439929575
fast!purpledicular,15.051067813059193,18.62016969923322,0.24266952076594311
fully!chronic,16.792606792959912,18.62016969923322,0.4487199535191061
lightly!gaunt,16.930952626052857,18.62016969923322,0.4615549877499548
clerklyviewless,16.792606792959912,18.62016969923322,0.45398147272141803
safelygratifying,16.792606792959912,18.62016969923322,0.12005963740656847
truly@glittering,16.792606792959912,18.62016969923322,0.23452913002658912
hence-virtuous,16.792606792959912,18.62016969923322,0.11418182837912948
finally.right,9.99134192860736,18.62016969923322,0.4578187388714583
nightly.swinish,16.792606792959912,18.62016969923322,0.9447155040301092
partly@loud,16.987594293200296,18.62016969923322,0.4615825625682626
back-odious,10.387446574088694,18.62016969923322,0.4596508058609855
upside.unnatural,16.792606792959912,18.62016969923322,0.9525321448664751
late.incessant,16.987594293200292,18.62016969923322,0.9508873152265275
sublyme.passionate,16.792606792959912,18.62016969923322,0.9522688002236326
formerlyterrified,14.877341121019755,18.62016969923322,0.4692476905751227
remarkably-obese,16.792606792959912,18.62016969923322,0.24271577148594842
enough@selfish,17.038261991015315,18.62016969923322,0.2344609876407734
there-obscure,7.901769529705394,18.62016969923322,0.9447326254062258
kindly.pluffskin,17.70492865768198,18.62016969923322,0.4498159762434278
nigh!elderly,12.495497445173049,18.62016969923322,0.9201227901041487
violentlystiff,9.590015872714696,18.62016969923322,0.4612622761532971
while@dearer,13.85466124968034,18.62016969923322,0.23591792837651185
neatly!exhaustive,14.877341121019755,18.62016969923322,0.9300115129492327
anxiouslyroast,11.833879734979645,18.62016969923322,0.920021785872576
unerringly!placid,15.405661954593475,18.62016969923322,0.47533064828386
nigh!susceptible,17.233249491255695,18.62016969923322,0.23440814399106802
high-anxious,14.44988412067874,18.62016969923322,0.23535150920173223
sublyme.lank,16.792606792959912,18.62016969923322,0.24412283692189507
highly!childish,16.792606792959912,18.62016969923322,0.9355326695563949
about.uncommon,14.50188935491623,18.62016969923322,0.9441918646827042
subsequently-culinary,16.792606792959912,18.62016969923322,0.4587641425091418
strangelymain,11.683050431505311,18.62016969923322,0.45732087170316704
affectionately!fast,10.097021487025932,18.62016969923322,0.9506608745552955
always-wondrous,14.877341121019755,18.62016969923322,0.9524877322009095
gladly!closer,16.792606792959912,18.62016969923322,0.9452809715967776
proudly.actual,16.792606792959912,18.62016969923322,0.4578170142584377
shovely@cloudy,16.792606792959912,18.62016969923322,0.2427948265053143
ryghte!happier,12.388188080210599,18.62016969923322,0.12087808418166925
plainly-keen,16.792606792959912,18.62016969923322,0.9487715105147009
incessantly@deemest,16.792606792959912,18.62016969923322,0.9297386419767405
best-unhappily,15.12299631907516,18.62016969923322,0.9264011026079815
slightlydearest,16.792606792959912,18.62016969923322,0.9487778706354354
abruptly@galloobious,16.792606792959912,18.62016969923322,0.4497879612308847
tweedly.desolate,14.877341121019755,18.62016969923322,0.9506642405608038
beforemurky,9.300475610627325,18.62016969923322,0.11414689949965764
formerly-nearer,9.611285120616019,18.62016969923322,0.23537724782482583
formerly@lower,14.877341121019755,18.62016969923322,0.45937057854470986
least.voluble,16.899916157922362,18.62016969923322,0.24269323280647428
sideways!periwinkle,17.125940126293244,18.62016969923322,0.943817062073897
excessivelyhomeward,16.792606792959912,18.62016969923322,0.45984175366409114
onward-naughty,16.792606792959912,18.62016969923322,0.933364098234705
already@worsted,16.792606792959912,18.62016969923322,0.9507843034815854
mutely-hard,16.899916157922366,18.62016969923322,0.9400427588149838
dimlytrustful,16.792606792959912,18.62016969923322,0.05959102918133471
respectfully-serried,14.877341121019755,18.62016969923322,0.4599204911867135
shilly!uncouth,11.526550792556172,18.62016969923322,0.2428644462331029
incautiously-heavenly,16.792606792959912,18.62016969923322,0.4559102656471541
sometimeschippy,15.07232862126014,18.62016969923322,0.46179093552367906
soundless.broad,14.877341121019755,18.62016969923322,0.948858633503328
above-nicest,14.654209746308993,18.62016969923322,0.9447155726822676
frequentlyinstructive,16.792606792959912,18.62016969923322,0.9511229449244488
because.dolomphious,13.971149833081608,18.62016969923322,0.9147002231849735
partially!cerulean,16.792606792959912,18.62016969923322,0.12010795391229416
likewise.poor,16.792606792959912,18.62016969923322,0.9396374127866836
ryghte!desolate,17.125940126293244,18.62016969923322,0.9505959313345321
taneously-high,12.074098413217923,18.62016969923322,0.4616081117131837
wheedly@perpendicular,11.859875686189136,18.62016969923322,0.45753770803868044
alone!markable,17.459273459626576,18.62016969923322,0.9402859771762555
unsuccessfullycontemptuous,16.792606792959912,18.62016969923322,0.9500715649277354
overhead-separate,17.320927626533628,18.62016969923322,0.9156187456260982
ever@quondam,14.390694201518643,18.62016969923322,0.9507717565938433
’twere!reluctant,14.877341121019755,18.62016969923322,0.9350226288871587
tightly.tuneful,11.526550792556172,18.62016969923322,0.4695460963025227
overhead!plaintive,17.65426095986696,18.62016969923322,0.914155291659885
sparely.western,16.792606792959912,18.62016969923322,0.0018848371873229507
hardly@loneliest,16.987594293200292,18.62016969923322,0.9529910261896446
i’lltwilight,14.06978482568326,18.62016969923322,0.9506316391687378
madlypropitious,17.125940126293244,18.62016969923322,0.4537037057699278
along-near,9.805480495613905,18.62016969923322,0.9520851412764306
kind.verbal,15.256508962269734,18.62016969923322,0.47712350578693996
distinctlylofty,17.125940126293244,18.62016969923322,0.9522381325309864
doon@ferocious,16.899916157922362,18.62016969923322,0.4526571462548028
tightly-natural,16.792606792959912,18.62016969923322,0.12001208267027519
well!excellent,9.355818941050822,18.62016969923322,0.23523591091893276
farther-squishy,9.698963255893949,18.62016969923322,0.23520257795597946
accuratelyumbrageous,16.792606792959912,18.62016969923322,0.9297385476956059
foreverpitiless,17.125940126293244,18.62016969923322,0.4755202607385893
excessivelyplain,11.700164449239326,18.62016969923322,0.44972809957196225
gravely.highest,16.792606792959912,18.62016969923322,0.9529196800152065
back-capricious,15.125198620171341,18.62016969923322,0.4563134676176674
gravely!denser,16.792606792959912,18.62016969923322,0.014864256260143047
instead.loud,15.512971319555929,18.62016969923322,0.24187321169025383
finallysportive,15.21067445435309,18.62016969923322,0.23520857931024688
nightly-displeased,16.792606792959912,18.62016969923322,0.4615578681125001
singly@glassy,16.792606792959912,18.62016969923322,0.4756018499571116
very-bald,14.063399646170431,18.62016969923322,0.4526788171320971
consequently.friendly,16.792606792959912,18.62016969923322,0.06031214899742462
till-youngest,13.674770462603819,18.62016969923322,0.9296306954228162
homewardjubilant,16.792606792959912,18.62016969923322,0.9506794750980393
loose-rough,14.877341121019755,18.62016969923322,0.9333920275336566
taily!latin,12.388188080210599,18.62016969923322,0.9530430885114584
regardless.judicious,14.877341121019755,18.62016969923322,0.4755842623914883
neverarctic,17.082191948533826,18.62016969923322,0.4496906925204918
late-blue,12.139645445952635,18.62016969923322,0.9404260280928979
somewhat.vapoury,16.792606792959912,18.62016969923322,0.9397214329502847
rathersteep,9.590015872714696,18.62016969923322,0.060477260242004394
tearfully.wikky,16.930952626052857,18.62016969923322,0.9506808953372777
greatly-near,11.849316340717465,18.62016969923322,0.12004977213313596
stealthily.fast,10.075760678824981,18.62016969923322,0.950698095069228
seriouslyexcellent,11.859875686189136,18.62016969923322,0.4596993099233626
mutely!dreary,16.792606792959912,18.62016969923322,0.12000452325315532
abruptly.glad,12.67962715197918,18.62016969923322,0.9525535516471012
tearfully@swinish,16.792606792959912,18.62016969923322,0.9146967891481365
east-fairish,17.038261991015315,18.62016969923322,0.2432687708203543
subsequently-oracular,16.792606792959912,18.62016969923322,0.4587641425091418
tearfullyboundless,16.792606792959912,18.62016969923322,0.9398468932383336
newly@periwinkle,16.792606792959912,18.62016969923322,0.45995331445024495
coldlyyoung,13.812341945658465,18.62016969923322,0.9499096419190264
abroad.delighted,16.792606792959912,18.62016969923322,0.4695367484869161
slobaciouslysteadfast,16.792606792959912,18.62016969923322,0.4598791141570874
partly!troubled,16.792606792959912,18.62016969923322,0.4599318312986457
tenderly!solid,16.792606792959912,18.62016969923322,0.950427772463078
shovely-renowned,16.792606792959912,18.62016969923322,0.45897800031697106
perpetually!flagrant,16.792606792959912,18.62016969923322,0.12009421529902517
headye-eclectic,16.792606792959912,18.62016969923322,0.9510620949187643
quaily-first,10.723100271496131,18.62016969923322,0.4572573138127671
again.smaller,15.544007787686423,18.62016969923322,0.45868269224652347
through-tuneful,8.89680819579863,18.62016969923322,0.9300172786372417
over.grassy,14.270034486141151,18.62016969923322,0.4595516973401152
high-white,9.717516960073825,18.62016969923322,0.9520437498012431
later.steep,11.859875686189136,18.62016969923322,0.944277350964646
chiefly-lower,16.792606792959912,18.62016969923322,0.0037863037635740577
wide@leathery,17.09030172498774,18.62016969923322,0.2450954736060267
tearfully!flowery,16.792606792959912,18.62016969923322,0.914696789148653
foreverpainful,17.125940126293244,18.62016969923322,0.9442622917057644
tightly.scornful,16.792606792959912,18.62016969923322,0.46952975399570496
outrightawake,17.125940126293244,18.62016969923322,0.4618054316625894
somewhat.tight,11.683048483850596,18.62016969923322,0.9328756554346713
ceaseless-extraneous,16.792606792959912,18.62016969923322,0.951048303625424
after.heavenward,14.042731301955477,18.62016969923322,0.9534532960587366
indeed-torrible,16.930952626052857,18.62016969923322,0.23357360560517057
blindly!hollow,16.792606792959912,18.62016969923322,0.23335437305263465
already-keen,16.792606792959912,18.62016969923322,0.06013150598057824
tumbly!oracular,14.877341121019755,18.62016969923322,0.9141401445447885
lovingly-blind,9.923332327091622,18.62016969923322,0.9490077434652111
indeed-fruitage,16.930952626052857,18.62016969923322,0.23357335383104433
absolutely@solid,16.792606792959912,18.62016969923322,0.9261306835746868
’twere.behold,10.025923428001944,18.62016969923322,0.9502396532078417
undoubtedly!testy,16.792606792959912,18.62016969923322,0.9508683681611735
that.sensational,12.575091563015143,18.62016969923322,0.45901663165288314
unexpectedly-poor,14.877341121019755,18.62016969923322,0.9298792737320914
beautifully@fast,12.012287158966087,18.62016969923322,0.944442798104568
because.only,10.386356027190454,18.62016969923322,0.0018862416646345922
homeward!abstemious,16.792606792959912,18.62016969923322,0.11953621902730198
alone@strict,17.459273459626576,18.62016969923322,0.24281269018838186
severely@tenderest,16.792606792959912,18.62016969923322,0.4565264304376989
shortly-hoarse,14.877341121019755,18.62016969923322,0.950496522416015
’twere.deaf,14.877341121019755,18.62016969923322,0.11823106624085086
first@twangum,14.198792533386344,18.62016969923322,0.9506257402675011
unexpectedly-unlikely,9.611285120616019,18.62016969923322,0.9500728598068952
gravely@dark,12.148589048480277,18.62016969923322,0.9529792500271029
slowly!ferocious,14.586962005466273,18.62016969923322,0.4615890190287609
compactly@very,13.470450958052892,18.62016969923322,0.9485574077859804
vainlyphantom,10.485391323940641,18.62016969923322,0.4572533674339411
suchminor,14.066194411252612,18.62016969923322,0.457247911475957
outrightgenteel,12.193209019522468,18.62016969923322,0.24191293640422684
partially@wanton,16.792606792959912,18.62016969923322,0.47551111194733087
tenderly.bountiful,16.792606792959912,18.62016969923322,0.9533944755286808
hence.unresisting,16.792606792959912,18.62016969923322,0.4497404214970359
next!bespangled,14.185759260156697,18.62016969923322,0.23451375968820798
consecutively.second,12.462285130594742,18.62016969923322,0.06019016593639331
grandly@waterproof,16.792606792959912,18.62016969923322,0.9444464137252001
possibly@unlucky,16.792606792959912,18.62016969923322,0.929734878798283
whereincrowded,14.877341121019755,18.62016969923322,0.45733177057991187
superficially!quondam,16.792606792959912,18.62016969923322,0.47550995682312913
onward-lidded,16.792606792959912,18.62016969923322,0.4597834445911628
very.abstemious,14.063399646170431,18.62016969923322,0.06014652169780262
hurriedlysilent,14.55829348274199,18.62016969923322,0.9484667140199762
casually!monstrous,16.792606792959912,18.62016969923322,0.2330541792647215
terribly-clammy,9.611285120616019,18.62016969923322,0.4728941470795225
alackstudious,14.877341121019755,18.62016969923322,0.9505809965683927
somewhere@nonsense,16.792606792959912,18.62016969923322,0.44973358738275404
wildly-moveless,16.792606792959912,18.62016969923322,0.4615806252082232
further!evanescent,16.792606792959912,18.62016969923322,0.4751143449326645
sweetly.aimless,16.792606792959912,18.62016969923322,0.9433375435646019
hastily@silly,11.526550792556172,18.62016969923322,0.2357763691757083
again!light,10.563029896784615,18.62016969923322,0.4600029816610127
sooner-judicious,17.320927626533628,18.62016969923322,0.4600028913639401
grimlybehold,11.941189099942099,18.62016969923322,0.4615788080809258
whereforeunpleasant,16.792606792959912,18.62016969923322,0.9507702927756031
onward-closer,16.792606792959912,18.62016969923322,0.45986739778740376
wildly@mouthed,16.792606792959912,18.62016969923322,0.933268675210565
abroad.obnoxious,16.792606792959912,18.62016969923322,0.46953674910831444
pretty-perpetual,14.52274697948547,18.62016969923322,0.9137522449128562
entirely!dolorous,16.792606792959912,18.62016969923322,0.9401385379979207
aloudsober,16.930952626052857,18.62016969923322,0.944736538680276
partly!keenest,16.792606792959912,18.62016969923322,0.45733633995048395
ceaseless.favorable,16.792606792959912,18.62016969923322,0.0037950670845011583
chiefly@passionate,16.792606792959912,18.62016969923322,0.9354573939271543
incidentallyunblenching,16.792606792959912,18.62016969923322,0.9291501059667199
tolerably.suicidal,16.792606792959912,18.62016969923322,0.9156659784461648
respectively.particular,14.52274697948547,18.62016969923322,0.2335010374273207
daily@waterproof,16.792606792959912,18.62016969923322,0.4564806718088854
past@convivial,17.084096498931956,18.62016969923322,0.950248787350754
faintlysocial,16.792606792959912,18.62016969923322,0.9355332388441561
immediately@stout,11.558102282232623,18.62016969923322,0.4755939601679927
firmly@superincumbent,16.792606792959912,18.62016969923322,0.9265291137764249
farther!curly,10.032288149526911,18.62016969923322,0.9530045592200616
slowly@distinguished,14.586962005466273,18.62016969923322,0.9264671643077372
superficially-semi,16.792606792959912,18.62016969923322,0.45622107641188325
ladyequeenly,17.061725100312444,18.62016969923322,0.4756026992214298
entirely.steadfast,16.792606792959912,18.62016969923322,0.9300029544290513
through@hotter,14.357851696442752,18.62016969923322,0.950411661787416
below.sunken,15.14645942837229,18.62016969923322,0.9534281827393654
vividly!extra,16.792606792959912,18.62016969923322,0.9297400778233949
vainly!especial,14.877341121019755,18.62016969923322,0.45900511173309694
therefore-newest,14.877341121019755,18.62016969923322,0.9505275856202839
feeblygromboolian,15.405661954593475,18.62016969923322,0.9156555683215826
distinctly!nobler,16.792606792959912,18.62016969923322,0.4755281870780322
twickyvast,10.187720377266535,18.62016969923322,0.9513398890159654
swiftly@suggestive,16.792606792959912,18.62016969923322,0.00046498706649601804
partially@fimble,17.125940126293244,18.62016969923322,0.9450025485949086
shingly@complacent,16.792606792959912,18.62016969923322,0.9507325733910887
dreadfully.select,14.877341121019755,18.62016969923322,0.9488361253121893
wheedly-nautical,11.526550792556172,18.62016969923322,0.060462055163030944
consecutively@blind,12.193192140566063,18.62016969923322,0.45370396574174626
freely.dumpy,16.792606792959912,18.62016969923322,0.23346468102091578
anew.sumptuous,16.792606792959912,18.62016969923322,0.45944650517938646
downwards@unhappy,16.792606792959912,18.62016969923322,0.05989252384648352
deep.conceivable,9.114690759993342,18.62016969923322,0.94282208568135
meanwhile.orange,12.054854746877265,18.62016969923322,0.9500488128486823
matterable,11.768266417941689,18.62016969923322,0.9203079847808666
shingly.gramble,17.125940126293244,18.62016969923322,0.24415722240265977
especially-grassy,14.877341121019755,18.62016969923322,0.9525508653111349
brightlymore,12.006127921934976,18.62016969923322,0.951123321415033
seriously!operative,16.792606792959912,18.62016969923322,0.44872535832384103
finally.moveless,14.877341121019755,18.62016969923322,0.23445664569422905
tumbly!verbal,14.877341121019755,18.62016969923322,0.0009544892520640646
downstairs@sportive,17.125940126293244,18.62016969923322,0.9426768841808534
mutely.ugly,16.792606792959912,18.62016969923322,0.9446790767441776
homeeasy,17.03080605333916,18.62016969923322,0.24435329214235185
finally!shrill,14.877341121019755,18.62016969923322,0.4594414328349028
taily.high,12.407431746551255,18.62016969923322,0.9529468246802312
hard@satisfactory,16.899916157922362,18.62016969923322,0.9529962655040921
daily@flimsie,16.792606792959912,18.62016969923322,0.2451857817647542
unpleasantly!stable,14.877341121019755,18.62016969923322,0.120049314993502
blindly-velvet,16.792606792959912,18.62016969923322,0.2344265453014951
rarely@morbid,16.792606792959912,18.62016969923322,0.4615402299566634
’twas@anxious,14.17912564149201,18.62016969923322,0.9507626965000594
homewardmutual,16.792606792959912,18.62016969923322,0.11418831617172517
humbly@torrible,16.792606792959912,18.62016969923322,0.11956216349696436
placidly@worsted,16.792606792959912,18.62016969923322,0.9530388582551741
about.upset,9.569158248145454,18.62016969923322,0.920331149565877
badly-various,16.792606792959912,18.62016969923322,0.003793581614600481
affectionately-mucilaginous,14.877341121019755,18.62016969923322,0.9500779409828958
again@reckless,15.544007787686423,18.62016969923322,0.94469244385106
before@exhaustive,14.566531611031063,18.62016969923322,0.23355432125291795
fainstiff,10.082955847341927,18.62016969923322,0.46163206127132245
casually.baleful,16.792606792959912,18.62016969923322,0.24414072425756925
frequentlyromantic,16.792606792959912,18.62016969923322,0.24280108741182155
ceaseless-glad,12.67962715197918,18.62016969923322,0.11417590102489394
tinkly.same,9.84191361902259,18.62016969923322,0.9515220470562576
fondly@solitary,16.792606792959912,18.62016969923322,0.2344288850394216
violently@flighty,9.256690979081734,18.62016969923322,0.9530296701436883
tenderlytwirly,16.792606792959912,18.62016969923322,0.9504959812992437
guiltily!lonely,16.792606792959912,18.62016969923322,0.0601982252656674
unrestrainedlytame,9.611285120616019,18.62016969923322,0.9347446913831746
accordingly!darling,16.899916157922366,18.62016969923322,0.9444067217822902
unclasp!useful,16.930952626052857,18.62016969923322,0.4576975954386334
alsorash,16.792606792959912,18.62016969923322,0.9444463774114539
often!radiant,14.877341121019755,18.62016969923322,0.4565329633031743
fortunately@acquainted,16.792606792959912,18.62016969923322,0.45569682809908757
ladye.gramble,17.395058433645776,18.62016969923322,0.9528972779027381
completely!evanescent,16.913463486088144,18.62016969923322,0.45631892483454045
finally!foeman,14.877341121019755,18.62016969923322,0.4596539641792214
underneath.fleecy,16.792606792959912,18.62016969923322,0.9260128924369461
taneouslytangled,16.792606792959912,18.62016969923322,0.060191600703885885
together@free,9.802788055549453,18.62016969923322,0.9529817828270595
otherwise!wiser,16.792606792959912,18.62016969923322,0.46953748272378143
kind!puffy,15.256508962269734,18.62016969923322,0.24185214493988536
shilly@pipple,17.654260959866964,18.62016969923322,0.45283376404331066
wisely.serried,16.792606792959912,18.62016969923322,0.9328340045820237
carelessly-ungracious,16.792606792959912,18.62016969923322,0.46938133824430617
charmingly.starlike,16.792606792959912,18.62016969923322,0.0018692619841275636
richly.feeble,16.792606792959912,18.62016969923322,0.9488540760734552
highly-unknowing,16.792606792959912,18.62016969923322,0.9450173323537072
incessantly-pitiless,16.792606792959912,18.62016969923322,0.24280095836491267
regardless@ugly,14.877341121019755,18.62016969923322,0.45877742230893503
almost.drunk,16.792606792959912,18.62016969923322,0.4573051590191467
neverinnumerable,17.082191948533826,18.62016969923322,0.9533640018976751
rapidly-black,11.837512727269994,18.62016969923322,0.9355235052140379
nightly-candid,16.792606792959912,18.62016969923322,0.47711312283941687
unawares-convivial,16.792606792959912,18.62016969923322,0.9507412697277379
unclasp-sportive,17.125940126293244,18.62016969923322,0.9300217993254235
while!wintry,13.85466124968034,18.62016969923322,0.9504844905089793
tolerablyrapt,16.792606792959912,18.62016969923322,0.9515403815591453
alternatelyvery,13.470450958052892,18.62016969923322,0.4564827947939963
profoundly-uncertain,11.526550792556172,18.62016969923322,0.952994472742851
whereonlurid,14.17912564149201,18.62016969923322,0.23446125087935746
taneously!last,12.147910086634553,18.62016969923322,0.4617991876734975
chiefly.silken,16.987594293200296,18.62016969923322,0.015331842797400123
loose-twitchy,14.877341121019755,18.62016969923322,0.11323045858907044
darkly-dusty,14.877341121019755,18.62016969923322,0.9504657490465006
soundly-grateful,16.792606792959912,18.62016969923322,0.9522510952895256
well@fidgety,14.288550047821596,18.62016969923322,0.4538505115210853
brightly-sorry,16.792606792959912,18.62016969923322,0.23453927444015868
respectively!safe,14.52274697948547,18.62016969923322,0.44981865617254957
about-proud,14.50188935491623,18.62016969923322,0.4599247225628136
unaccountably.gratifying,14.877341121019755,18.62016969923322,0.23356453566697846
gaily!saucy,16.792606792959912,18.62016969923322,0.9442217007445005
instantly.doubtful,15.07232862126014,18.62016969923322,0.4491794828177883
naturally@delicate,14.52274697948547,18.62016969923322,0.0038048391837802674
bestneuralgia,15.12299631907516,18.62016969923322,0.47300311388161465
gradually!morbid,16.792606792959912,18.62016969923322,0.9523040923477402
casuallywary,11.526550792556172,18.62016969923322,0.0037851044089115987
mostplausible,14.586962005466273,18.62016969923322,0.9442794512776799
twicky.slender,15.07232862126014,18.62016969923322,0.47712813738941123
anxiously.vague,11.695537899661659,18.62016969923322,0.4497053877101245
slobaciously-richest,16.792606792959912,18.62016969923322,0.46938245201547185
longersuch,12.794426122252915,18.62016969923322,0.9333788921634698
patiently-slow,12.102986049206693,18.62016969923322,0.9527662508943873
scarcely.capricious,16.792606792959912,18.62016969923322,0.9259138950299023
completely.selfish,16.913463486088144,18.62016969923322,0.4487258145866219
formerly-repulsive,14.877341121019755,18.62016969923322,0.943856097464849
previously.unmannerly,9.611285120616019,18.62016969923322,0.9146698510341634
perhaps.fittest,14.088160616444823,18.62016969923322,0.24194268570728972
abruptly!common,16.792606792959912,18.62016969923322,0.0009306236416589093
unaccountablyimpossible,14.877341121019755,18.62016969923322,0.9507807471764634
incautiously!ocean,11.82551759105219,18.62016969923322,0.23452875717875615
sadly!principal,14.740105878345371,18.62016969923322,0.24179896802089804
formerly.bent,10.11359356782965,18.62016969923322,0.9297346252917453
above!wavy,9.362157350578554,18.62016969923322,0.4537013501589485
certainly@semi,16.843274490774927,18.62016969923322,0.9205597696220058
stealthily!safe,14.856080312818804,18.62016969923322,0.4498138503568383
whence!virulent,14.741887881586925,18.62016969923322,0.4693343997527151
carefully!eager,16.792606792959912,18.62016969923322,0.915658512867612
alway-bent,12.362192573103139,18.62016969923322,0.9441228372943775
feebly!brave,9.611285120616019,18.62016969923322,0.24431351186111083
best.leaden,15.12299631907516,18.62016969923322,0.24440381254802723
rapidly.lively,16.913463486088148,18.62016969923322,0.9447876333793409
i’ll.dulcet,14.06978482568326,18.62016969923322,0.46179824771852174
bitter-rosy,16.86673760007206,18.62016969923322,0.9507426116084386
such@obese,14.066194411252612,18.62016969923322,0.45930430789130916
nearlyborascible,16.792606792959912,18.62016969923322,0.9449782893682556
whereon!more,9.392646770467074,18.62016969923322,0.4753179234782918
overhead!borascible,17.320927626533628,18.62016969923322,0.46924790173565795
hardlymain,11.878037931745695,18.62016969923322,0.4771306415982385
whilk!borascible,14.987543079642329,18.62016969923322,0.24185160147889503
quaily.tight,9.746522003709488,18.62016969923322,0.952495535604545
less.cold,10.355430781288726,18.62016969923322,0.12076869163048816
casually-wayward,16.792606792959912,18.62016969923322,0.2441407282477566
faintly.hoary,16.792606792959912,18.62016969923322,0.4693125733842427
beneath@less,10.123455755654668,18.62016969923322,0.9297258769833769
singlytransitional,11.526550792556172,18.62016969923322,0.46954431632319105
properly!beloved,16.792606792959912,18.62016969923322,0.24185481080898108
doon!gray,11.80820904638623,18.62016969923322,0.47287313338250564
headye@inconsiderate,16.792606792959912,18.62016969923322,0.11683910189664556
ahead@ceaseless,16.792606792959912,18.62016969923322,0.2334659417349567
visibly.toothsome,16.792606792959912,18.62016969923322,0.4564805882683506
outright.bountiful,17.125940126293244,18.62016969923322,0.9506489232928941
slobaciously-alien,16.792606792959912,18.62016969923322,0.9401489868995662
purely@violent,11.859875686189136,18.62016969923322,0.950222873455734
east-soundest,17.038261991015315,18.62016969923322,0.4587643194695582
greatly!fond,16.792606792959912,18.62016969923322,0.9506891696334608
best.pensive,15.12299631907516,18.62016969923322,0.4771325055678229
enough@uncaring,17.038261991015315,18.62016969923322,0.11324796949073536
soundly.appropriate,16.792606792959912,18.62016969923322,0.2443612246322995
probably.deluded,14.984650485982211,18.62016969923322,0.9488561681502299
rapidly-heavy,16.792606792959912,18.62016969923322,0.1122335555516688
though@loving,13.750429317690424,18.62016969923322,0.11815643433766197
undoubtedly-tail,11.816137782867159,18.62016969923322,0.9260401755460198
richlyafloat,11.859875686189136,18.62016969923322,0.23445811919646234
easttempestuous,17.038261991015315,18.62016969923322,0.0037479466879132687
unrestrainedlyserene,9.82257640307048,18.62016969923322,0.9506796521489043
fully@fiery,16.792606792959912,18.62016969923322,0.4513639157692379
though-minor,13.750429317690424,18.62016969923322,0.9355337361141846
carelessly!happiest,16.792606792959912,18.62016969923322,0.9452810448043734
greatly@squeaky,16.792606792959912,18.62016969923322,0.9529194402777748
however-sunless,14.877341121019755,18.62016969923322,0.9438693867253318
tumblyumbrageous,14.877341121019755,18.62016969923322,0.2441327419691412
wildly.ladye,11.980736857507285,18.62016969923322,0.9505529983774195
violently.evanescent,14.52274697948547,18.62016969923322,0.9529962264584086
lesstransitory,14.984650485982211,18.62016969923322,0.9334910435811382
downwardspretty,12.462285130594742,18.62016969923322,0.9522381975449371
profoundly@intertwined,11.526550792556172,18.62016969923322,0.9259797510697413
amiably.inland,16.792606792959912,18.62016969923322,0.4593791112996125
gladly-muddy,11.859875686189136,18.62016969923322,0.4577505728345387
particularlyreverent,16.792606792959912,18.62016969923322,0.46000282148679
shilly-ordinary,16.792606792959912,18.62016969923322,0.4693898072885388
darkly!velvet,14.877341121019755,18.62016969923322,0.9450053882698686
excessivelyless,12.633801082726222,18.62016969923322,0.46155615181998727
namely@greedy,16.792606792959912,18.62016969923322,0.4559199535158885
till-unhappy,13.479782962363432,18.62016969923322,0.951515173687897
barelycharnel,16.792606792959912,18.62016969923322,0.06047254992472053
whilegingerbread,13.85466124968034,18.62016969923322,0.4693128630782102
insidehuman,12.679610275096024,18.62016969923322,0.23452426895819742
slowly!wisest,14.586962005466273,18.62016969923322,0.23315880953211546
comfortably.single,16.792606792959912,18.62016969923322,0.9500782850499261
otherwise@left,13.074334089942546,18.62016969923322,0.4573252633889275
sometimes!stormy,14.877341121019755,18.62016969923322,0.9486335663927657
awhile!sportive,15.21067445435309,18.62016969923322,0.9531409248469215
inside!complacent,16.792606792959912,18.62016969923322,0.11955183813865489
nearly!literary,16.792606792959912,18.62016969923322,0.9294130164468338
consistently.thick,9.910251919112033,18.62016969923322,0.9506662024925716
away-dearer,15.631685922964355,18.62016969923322,0.47298952462028643
cheerfully-fierce,16.792606792959912,18.62016969923322,0.9300098997518258
bemble@tangled,16.792606792959912,18.62016969923322,0.23445932337128686
awefully-modern,16.792606792959912,18.62016969923322,0.9397480062198192
deeply.tangled,16.792606792959912,18.62016969923322,0.4526545038989038
happily-huge,14.877341121019755,18.62016969923322,0.45877062400986546
’twas-painful,14.17912564149201,18.62016969923322,0.9509292503090516
taily!grateful,17.125940126293244,18.62016969923322,0.9364856781261394
slobaciously.devoid,16.792606792959912,18.62016969923322,0.4598656947056049
tillbetter,13.479782962363432,18.62016969923322,0.05957783310900606
longslippery,14.223874611708013,18.62016969923322,0.0037562036662050526
foreverstrange,13.162088162533623,18.62016969923322,0.014980515725888564
sublyme.agonised,16.792606792959912,18.62016969923322,0.952923196573353
hurriedly.friendly,14.512458974825345,18.62016969923322,0.4563251982363162
longer@separate,16.792606792959912,18.62016969923322,0.003770526316055071
clearly@dull,16.792606792959912,18.62016969923322,0.06047156809412453
mainlyfalse,14.877341121019755,18.62016969923322,0.9352184613346176
somewhat!culinary,16.792606792959912,18.62016969923322,0.4589988356491833
abroad.half,12.818543881351884,18.62016969923322,0.001881138930521571
therefore!disjointed,14.877341121019755,18.62016969923322,0.9261266543569501
unsuccessfullychickabee,16.792606792959912,18.62016969923322,0.4540520963599425
tolerably.lively,16.913463486088148,18.62016969923322,0.05959861164808246
unaccountably-pellucid,14.877341121019755,18.62016969923322,0.23349202414179965
tearfully@subsequent,16.792606792959912,18.62016969923322,0.9506642299554324
sweetlygratified,16.792606792959912,18.62016969923322,0.46155808639497026
high@borascible,14.44988412067874,18.62016969923322,0.4771223190439801
feeblymimic,14.877341121019755,18.62016969923322,0.9527165808555752
freelygenuine,16.792606792959912,18.62016969923322,0.9362776103073265
calmlyhappier,10.13958907493711,18.62016969923322,0.45970992660052806
tenderly@interested,16.792606792959912,18.62016969923322,0.47550983402161645
newly@dreary,16.792606792959912,18.62016969923322,0.9438519926835826
tumbly@satisfactory,14.877341121019755,18.62016969923322,0.9398071190889723
mutely-rocky,16.792606792959912,18.62016969923322,0.45992390326810223
