incidentally-doubtful-magazine,16.728232163677923,150.0,0.9510930680466193
shallyceaselessnature,13.132430549202248,105.0,0.4563251913504025
compactly-certain-moonlight,16.728232163677923,135.0,0.015308470731317915
underneathyearningchuprassies,16.728232163677923,145.0,0.45374463554142036
regardless!sainted!almonds,15.145542284542516,130.0,0.4587773509337694
happily.magnificent.buffalo,15.145542284542516,135.0,0.929735804870698
ever!illusive!stables,14.78055709491668,105.0,0.9531446730718223
therebyconstantmoments,16.581991538497633,110.00000000000001,0.46155153533842364
later!ceremonious!architect,12.632449538194829,135.0,0.9349662949102499
surreptitiously@gloomy@brogue,16.581991538497633,145.0,0.9513699326102912
downstairs-viewless-daytime,16.581991538497633,135.0,0.9156248563157288
instead.willeby.battle,15.476024308264357,110.00000000000001,0.9530005577880653
back.pensive.tape,11.381893408603402,85.0,0.9512207897199706
further-fidgety-burden,16.581991538497633,110.00000000000001,0.4564766086161659
alone-lower-peeky,17.081991538497633,85.0,0.952235314092518
probablybotanicaltransports,15.226024308264359,135.0,0.003793240836010616
possibly@wily@necklace,16.581991538497633,110.00000000000001,0.23573370766778506
best!ungracious!dunrose,11.360744386286239,115.0,0.9259796449642057
unsuccessfully.plausible.flippity,16.581991538497633,165.0,0.9332662800509335
rapidly.radiant.tyre,12.612952241699803,100.0,0.9486237926006783
onward-wretched-essence,16.581991538497633,115.0,0.4597076808940901
fortunately-regal-cover,13.132436878755358,115.0,0.4483224419217329
shortly@plural@shade,11.41713292753024,100.0,0.9438173321143423
rathercopiouswilderness,10.904285670274959,115.0,0.2345072102327194
loudlyuniquewalls,16.581991538497633,85.0,0.9506852743186103
ahead!scrubby!dark,13.09897823013791,90.0,0.9154793203589079
doubtfully@especial@notes,15.291782909722807,125.00000000000001,0.9515262172747222
unexpectedly-nursy-coach,11.196000284239712,120.0,0.12009355515328869
first-worth-isle,14.636630843817457,80.0,0.4588200554742169
surely-unflagging-charmer,14.879596678391803,125.00000000000001,0.45969835808176507
directly!twilight!fishing,16.66247356221947,125.00000000000001,0.9489562709706237
patiently!mystic!balloon,16.581991538497633,120.0,0.9254700630296336
longerpraiseworthyjelly,13.028677503935647,115.0,0.23452904392764617
possibly!tearful!glow,12.790918000035678,105.0,0.9510634468067442
grandly.piteous.moon,12.719433816701425,100.0,0.9489499390372851
longer-chilly-bone,12.600516015698537,90.0,0.9438516981560938
proudlyuppermitchy,16.728232163677923,90.0,0.9297311540285476
firmlyindianrespect,13.028677503935647,95.00000000000001,0.9508651073755054
awefully-sleek-book,12.886110586285403,95.00000000000001,0.45654920851996095
taily.silken.verse,16.978232163677923,90.0,0.475330206857511
often.runcible.parts,15.24930165936223,100.0,0.45781896446824055
compactly@happy@lionel,13.438009666543465,110.00000000000001,0.9261371785040454
vainly@mucilaginous@scroll,15.145542284542516,130.0,0.9505906433632901
mainly-lordly-marsh,11.322740614568827,95.00000000000001,0.9442002214490806
well!worst!spoonifolia,10.754406979341093,110.00000000000001,0.9510715333652189
gradually@virulent@rumble,16.831991538497633,125.00000000000001,0.029715788216227123
brightlyjoyfulsquares,16.581991538497633,105.0,0.9300070691964075
neatlygracefulmyriads,15.145542284542516,105.0,0.9506921003029966
instantly.huge.hope,11.35446874608056,95.00000000000001,0.9512314070325543
wherein-meloobious-fluffs,11.196000284239712,125.00000000000001,0.453708503606116
furtherclammyterm,16.581991538497633,85.0,0.2426808695352302
leastmumbiancorporation,12.712931561916669,115.0,0.47540902076695013
gravely@deemest@axiom,12.632449538194829,105.0,0.2357973605079202
truly-goodly-lair,12.632449538194829,85.0,0.46952843650019843
possibly@unblenching@butter,13.132436878755358,135.0,0.24292343093099592
wherefore-perpetual-traveler,16.581991538497633,140.0,0.9527896826570829
i’ll.alive.green,11.228631336751443,80.0,0.4485565136736839
purelyunintelligiblecranberry,16.581991538497633,145.0,0.9396383437052463
less@third@verrikwier,15.329783683084067,105.0,0.4770447619357571
amiably.ceremonious.dream,13.04091014239074,125.00000000000001,0.2418274566665213
beyond.nearer.fish,13.074795730720767,90.0,0.47546400006598677
hithertopurewild,13.146051746130624,80.0,0.11901607815400696
therefore-topmost-pears,11.445993954464434,115.0,0.457254768337206
quickly@national@prawns,15.193703554028117,115.0,0.9500749755120053
strangely!perpendicular!steps,12.632449538194829,145.0,0.24320097395167783
finally!gratified!gloom,11.310305455765329,115.0,0.9300172923587624
apart!dearer!fowl,13.155430493704232,85.0,0.23452354180547147
nighancientmothers,16.96063483170507,90.0,0.2335613696322897
gravely@vain@snake,12.807559467730101,90.0,1.4714448019404067e-05
freelyexcessivebree,12.612952241699803,95.00000000000001,0.9522704432136277
taneously!provoking!puff,12.894677374855386,120.0,0.45987637888676836
plainly!worst!branch,16.581991538497633,100.0,0.9355326190970763
outright!perfect!maze,12.882449538194829,105.0,0.23335078885980784
scarcely!softest!shell,12.603585102973344,110.00000000000001,0.9405735091600785
commonlymightygrove,12.632449538194829,95.00000000000001,0.9506796292990182
quickly.disjointed.leetle,11.494155223950035,125.00000000000001,0.9444047519125489
that-thick-nest,9.895374980706082,75.0,0.950503122577209
soundless!able!vellum,11.488481534600291,105.0,0.4598657986398321
therebydismalcoortin’,13.132430549202248,105.0,0.11325544792612535
hoarsely!unflagging!cough,16.581991538497633,125.00000000000001,0.4729161789690174
chiefly!wiser!blare,12.632449538194829,95.00000000000001,0.9355184790630254
loose@principal@thrush,11.176502987744687,110.00000000000001,0.9506821333024853
greedily.chippy.echoes,16.87447278885821,110.00000000000001,0.4540471788549538
pretty!little!tartary,11.051532602892307,105.0,0.4526089680188427
furiously@wayward@sprite,12.749822806665646,120.0,0.9298791470345736
everywheredearermillions,16.581991538497633,120.0,0.9442440656097545
comfortablynarrowwalking,12.759189868523944,120.0,0.46936513879104225
presently.chilly.beautifying,10.930054678088998,140.0,0.9297385466395427
headyeoverbearingwasp,12.632449538194829,105.0,0.47533010159323474
lowlymucilaginouslack,16.581991538497633,105.0,0.4612512496459912
away.affectionate.sparrow,15.711300886000965,125.00000000000001,0.2417616288671034
’twere@reverent@vigour,11.445993954464434,110.00000000000001,0.9507455601767066
alwayrespectivewilts,12.862952241699803,100.0,0.47540902134472973
alternately.grey.singing,13.155412504090771,120.0,0.9505909906009827
ever-wavier-curiosity,14.78055709491668,105.0,0.45774239336986927
gracefully-bodied-leeches,15.145542284542516,125.00000000000001,0.9265097414999433
just.wiser.bears,14.760015930653902,80.0,0.4599217905927443
nextuncouthneck,10.804054218921532,75.0,0.23442332980257655
always.farther.shallott,11.261758885698164,115.0,0.9488687548998549
sublyme!phantom!disgust,12.911312512774535,115.0,0.9444141748243838
home.mucilaginous.page,12.957333278884276,110.00000000000001,0.23351332755708978
unaccountably@alight@loops,15.145542284542516,130.0,0.11951404656453009
more!eldest!pond,11.076187180645748,80.0,0.9291182116384706
fourthly!sickly!starch,12.88244320841955,110.00000000000001,0.9141547379514046
fondlynonsensesplendor,16.581991538497633,110.00000000000001,0.9512426285751039
unawares-heavy-lodgings,16.581991538497633,115.0,0.11345386938960535
coldly-gross-steeple,12.632449538194829,100.0,0.24519588232379647
safelygreedyruffle,12.632449538194829,90.0,0.9444338698889886
immensely!tall!sorts,16.88015280798323,100.0,0.953453976004438
taily!poor!movement,16.831991538497633,95.00000000000001,0.9364386639125144
proudly.stupendous.appetite,12.60668053038079,135.0,0.9291693794884113
anither-honest-excuse,11.426496991057316,105.0,0.24510379729348952
perhaps@leafy@lights,10.730855236137627,100.0,0.24293142253514047
lesspassivescreams,15.476024308264357,90.0,0.4615701719181044
fortunately.sainted.market,16.581991538497633,130.0,0.949907215797592
surreptitiously!annoyed!manner,13.075284058943737,150.0,0.9534794511188508
purely-open-permission,16.581991538497633,110.00000000000001,0.45577243423446373
incrediblydelightedyields,16.581991538497633,125.00000000000001,0.9439022918860366
accordingly.polished.grain,12.612952241699803,130.0,0.9510737270999735
further!incipient!buzz,13.132430549202248,110.00000000000001,0.9364825806196385
tinklyuglyrhymes,15.395542284542516,80.0,0.9260129242360811
inwardlysickrailway,16.685750913317342,95.00000000000001,0.940159974390897
sideways.next.middle,13.44993006919873,100.0,0.0009319023077595483
threedlybrazenaccursëd,15.145542284542516,110.00000000000001,0.9506925815900688
once-repulsive-screamings,14.875863663344484,125.00000000000001,0.44974328821401305
further.queenly.chuprassies,16.581991538497633,135.0,0.4693505230347089
less@enough@ding,12.482576757376219,80.0,0.2418549030245386
afterwards.satin.acquaintance,16.581991538497633,145.0,0.9489790537873775
really@modern@blades,11.196000284239712,100.0,0.9530758214525887
surelyvaguechins,11.076295303269289,80.0,0.23350133297560227
eastluridwren,12.816690936736382,65.0,0.9334656726825765
halfbluebottleflies,13.179315085051316,95.00000000000001,0.23446195324735689
anew-drunk-posy,16.581991538497633,75.0,0.113245616195931
often!strange!twin,15.226024308264359,90.0,0.951236835731214
downwards-invidious-transport,16.581991538497633,145.0,0.45985453926400544
anew@baleful@artist,12.632449538194829,95.00000000000001,0.4614211724034117
ceaseless!ripe!accidents,16.581991538497633,120.0,0.23351433912352812
forever.supple.victims,16.831991538497633,110.00000000000001,0.9506952814379335
hence@stainless@pity,16.581991538497633,100.0,0.2419473477870283
humblyunwellparts,16.581991538497633,85.0,0.9506640069999402
eastlithesweety,16.766232937039184,75.0,0.9296539886278357
chiefly!rude!pairs,16.831991538497633,90.0,0.11264729821879119
instantlymovelessangels,15.145542284542516,115.0,0.24293228217214702
grandly@further@horses,16.581991538497633,110.00000000000001,0.9438845142651291
longer.upward.family,16.912473562219475,100.0,0.12086012006745825
outright!bigger!ballad,16.831991538497633,110.00000000000001,0.45995067399333567
simply!runcible!oration,12.736208913014538,115.0,0.9506012092769236
nightly-camomile-twiny,12.882449538194829,110.00000000000001,0.9156581014700915
fully-evanescent-farewell,13.193419273890157,125.00000000000001,0.943303062646885
wheedly.deaf.blot,12.632449538194829,85.0,0.46946678237717443
only!plumdomphious!walls,14.640009545436076,120.0,0.935518065559204
really!lidded!fins,11.196000284239712,90.0,0.9444341440405809
capriciously.straight.soap,16.581991538497633,130.0,0.23520343814843922
beyond@leathery@diluter,16.72823216367792,115.0,0.9438509043180651
foolishly@inner@brother,13.028677503935647,115.0,0.9414315942652498
beneath.sadder.blessing,14.699232543193967,115.0,0.9507544111135863
gracefully.affable.days,11.515790011109816,115.0,0.9428418545107069
about!louder!borders,14.863953459964874,100.0,0.9398008307884623
carefully@ocean@opportunity,12.778690163375119,135.0,0.4615394936665835
casuallyobvioussurds,12.632449538194829,100.0,0.46155789437967987
hurriedly@scrumptious@delusion,10.922338674593902,150.0,0.1190160026662674
taneouslysoftestostrich,12.632449538194829,115.0,0.4693816340231481
tweelyattentivetime,13.246735398705338,95.00000000000001,0.9529899897754123
calmly!most!meerschaum,15.193703554028117,110.00000000000001,0.9511091141133036
constantly.twangum.convenience,12.632449538194829,150.0,0.46158385260549767
throughclanglefancy,11.55160034658166,95.00000000000001,0.9364982268758139
before@pretty@dates,10.962893151748192,95.00000000000001,0.46938235922981714
comfortably.lurid.accordion,16.581991538497633,135.0,0.45630928199417486
unpleasantly.distasteful.model,11.196000284239712,150.0,0.9352187086451095
also!blacky!gull,12.632449538194829,80.0,0.95086529503487
overheadungracioushuzz,16.97823216367792,110.00000000000001,0.11211651827224428
suddenly.hoarse.delusion,12.632449538194829,120.0,0.45269564685060876
alsoterrifiednights,13.132436878755358,95.00000000000001,0.9507206156051149
home-stormy-jimpy,12.707339608659556,85.0,0.0019133785239411586
quickly-conspicuous-toast,11.295777681478715,125.00000000000001,0.9401599958985212
perpetually!courageous!poetry,16.581991538497633,145.0,0.23356883006446602
affectionately!dreamy!poltergeist,15.395542284542516,165.0,0.9529334826266119
deeply@merciful@time,13.246735398705338,100.0,0.46148691732651065
unpleasantly@welcoming@wing,11.426496991057316,135.0,0.9353563966975309
down@trackless@yacht,11.117060991860315,100.0,0.944721167525897
darkly-dreadful-sustenance,15.145542284542516,130.0,0.9257849520457934
severely.vain.spasm,12.807559467730101,95.00000000000001,0.9449728031021163
severely-virtuous-sack,12.759189868523944,110.00000000000001,0.9447294752224427
partially-polite-grave,13.334256620943648,110.00000000000001,0.9433377945074226
properly.wikky.looks,13.31666561830176,100.0,0.9443298008045661
pretty@plain@board,15.163972559329288,90.0,0.9510716368445015
midnight.blank.forks,15.291782909722807,100.0,0.4536785816133477
unerringly@galloobious@living,15.422271085521643,145.0,0.235801428615522
likewise@dusky@strokes,16.581991538497633,110.00000000000001,0.9205279981557284
cheerfullydeafdeliberation,12.612952241699803,130.0,0.9528002807028275
clearly@crumbobblious@acquaintance,16.581991538497633,170.0,0.9483067533026581
twice-thirsty-clothes,13.212912572924088,105.0,0.9405806787473409
fourthly@affectionate@oblongs,12.632449538194829,145.0,0.9506347022091354
firmly!wonderful!fays,12.632449538194829,105.0,0.940559683457661
however.other.waiter,11.234001057600977,100.0,0.45994051232251165
blindlyselectspiders,16.831991538497633,100.0,0.45985376989150895
loose@complacent@chin,11.167135849018228,105.0,0.477117319811743
softly-affable-cloth,12.862946245012434,100.0,0.23445962904628687
compactly!supple!bliss,12.88244320841955,110.00000000000001,0.9525035194855642
wearily@early@household,15.32978368308407,115.0,0.9529291943084878
incessantly-roman-thunders,16.581991538497633,130.0,0.4598762017175692
grimly@veriest@sofa,16.581991538497633,95.00000000000001,0.9522687939764762
tweely-wavy-carrot,16.831991538497633,90.0,0.4599158611012045
sadly.manly.kobold,15.042615852536729,90.0,0.0038050566911748945
surely.several.prostration,10.930054678088998,130.0,0.46125087680950644
barelytingeddraughts,16.728232163677923,100.0,0.45629008196177595
well-plain-pepper,11.165523190607693,85.0,0.9261283732909484
usually.viewless.difficulty,12.632449538194829,135.0,0.11899718774197356
beyond-polished-permission,16.72823216367792,130.0,0.9297290940274344
whilk!fruitage!chain,11.778639093767168,100.0,0.9442523562830484
shingly!sorry!puppy,12.632449538194829,95.00000000000001,0.9507204209040806
vainly.ecstatic.snake,11.196000284239712,105.0,0.2450877754634628
shovely-aghast-twin,16.978232163677923,95.00000000000001,0.45992095845562125
totallydazzlingfountains,16.581991538497633,120.0,0.45988392053132043
lightly@neuralgia@slingsby,16.831991538497633,130.0,0.9261372842907871
through-haggard-idea,14.609684590929477,100.0,0.9529921586514324
right!still!hoddy,15.560604941548863,85.0,0.059890336548423906
truly!fleecy!road,12.632449538194829,85.0,0.4695284364983392
ever@twirly@scarmoges,10.831015094613877,105.0,0.9507051010809708
much.ferocious.stores,15.204158597951773,105.0,0.9265093221795849
fast.wrinkled.journey,11.326295303269289,105.0,0.9531298339681551
’twas.semi.ground,10.81398667056206,85.0,0.11833909934281914
feebly-winsome-east,11.35446874608056,95.00000000000001,0.45385497721335155
completely.inner.hums,12.70359476154598,105.0,0.46936595721626095
respectively-worldly-shaft,15.129596678391803,130.0,0.9490243050436424
nextdenserbouquet,10.927307558817139,85.0,0.9500887520174374
uneasilyquaintreward,16.581991538497633,100.0,0.9505594250659845
carefully.crooked.seeds,16.581991538497633,115.0,0.9482282387701609
subsequentlyfrenchbirdies,16.581991538497633,125.00000000000001,0.4615786881103307
longnicestarea,14.655442402558709,70.0,0.014720518742375982
frankly.eager.blight,16.581991538497633,100.0,0.060332458170149525
cheerfullyqueershade,12.934064205207196,100.0,0.44973310338195727
madly.warm.hours,13.271252681626077,80.0,0.9510940399444617
about@airy@yestereve,15.113953459964872,100.0,0.12005920356035246
consequently@dumpy@ball,16.581991538497633,115.0,0.45985379137722515
willinglyhoarymind,12.891466691622863,90.0,0.9443020940752633
there@unnatural@cushion,13.863405591359548,115.0,0.9440086584250323
kind.bent.cries,11.546134766635644,75.0,0.9352186939684505
richly!dearer!backs,16.581991538497633,95.00000000000001,0.449820244362473
fairly!provoking!zinc,12.707344477793056,105.0,0.4527756085119781
forthfreepane,11.397839014754112,65.0,0.014818308525007554
alas.unfathomable.waters,11.430035689096416,120.0,0.9507981371760365
wyll@rocky@spoons,16.581991538497633,85.0,0.11323997195337791
fowly!yearning!string,13.174918129115936,105.0,0.920528078689056
shally-globular-fishia,16.581991538497633,110.00000000000001,0.9260150756610105
happily!dreamy!fleecye,15.145542284542516,110.00000000000001,0.929653978718221
formerly@different@manhood,15.145542284542516,130.0,0.9452329335094284
comfortably.loud.fields,13.009186870192721,115.0,0.11219850371087402
incredibly@gold@breakers,16.685750913317342,120.0,0.47256209585814435
longer-less-pause,16.662473562219475,85.0,0.23355476882768658
ladye@steep@thames,13.230522564114242,90.0,0.23442442095612548
richly@last@brim,16.71350874141453,80.0,0.46155513837183654
indeed.scornful.mind,12.995226066442575,100.0,0.06018926817632667
straightcalicochace,14.879596678391803,95.00000000000001,0.003766159947728723
most.mystic.rice,11.22820961779932,80.0,0.4498156771727149
beautifully-irish-concert,12.88244320841955,125.00000000000001,0.4615948841613832
such.legged.birdies,14.537182252217157,95.00000000000001,0.9329581040312022
heavily.irish.dismay,12.882449538194829,100.0,0.926130867882566
anxiously@dulcet@hint,12.88244320841955,105.0,0.9520851760543018
along.marble.cayenne,11.349566324591882,100.0,0.44973789517562984
distinctly-nearer-holes,16.581991538497633,115.0,0.9486496258996197
hurriedlycircularyields,14.871880674896707,115.0,0.4557765132365259
thatmimicsmiles,9.719306785960974,75.0,0.9354947889672978
considerably.unaided.morn,13.055419451264639,125.00000000000001,0.9428418941312953
fondly@wintry@ladle,13.028677503935647,95.00000000000001,0.9401546382590094
carefully.ghastly.glare,12.632449538194829,115.0,0.9442514006667411
pastcleannupiter,16.800608817976666,80.0,0.44842872904891995
inkstand@bespangled@birdies,16.72823216367792,135.0,0.951251829574927
again.copious.cottage,15.645542284542516,105.0,0.9533749723037275
downstairs@tiggory@chariots,16.581991538497633,135.0,0.4496753097415291
heavily!chankly!fleecye,17.331991538497633,115.0,0.9355194789829521
almost!sleek!transports,16.581991538497633,115.0,0.00046297959818213
evenextremefancies,10.793530337649099,90.0,0.9525619281649901
concisely!favourite!bird,12.851734705347921,120.0,0.12011386402693354
stealthily@floppy@cloak,11.953035633598404,115.0,0.9400781156677914
soon.ornamental.knyghte,11.498869980762862,115.0,0.24192248123139956
perhapsfreenippity,14.949897531291604,90.0,0.94885734787522
newly@sensational@liberty,12.88244320841955,125.00000000000001,0.4615882180740216
superficially.dusky.buffalo,16.581991538497633,135.0,0.47291957610559054
uneasily!evanescent!birth,12.632449538194829,125.00000000000001,0.46167892722421217
rather-steep-prepaid,14.879596678391803,100.0,0.06046956677194491
loose!gracious!whole,12.342152302673401,100.0,0.9146978353155839
pointedly.lidded.fall,12.934059823019586,105.0,0.4487375251205219
certainlyalonedilution,17.119992311858894,110.00000000000001,0.4615700520727069
quaily!thinner!noise,11.877905588094047,100.0,0.9513418020251546
fortunately-glittering-room,12.774097534162989,135.0,0.4587440920125776
gracefullyfeebletears,11.471544395721363,105.0,0.4497349779450703
deeply@leetle@wandering,16.581991538497633,115.0,0.23350058552657876
visibly.disgusted.screamings,16.581991538497633,140.0,0.9453002973735413
purely!mournful!building,16.581991538497633,120.0,0.9529165248064945
outright.uncombed.hound,12.862952241699803,115.0,0.4573267432771365
before.gentler.grasshopper,14.912435152050998,130.0,0.11948727245145659
wherefore@vindictive@suit,16.581991538497633,125.00000000000001,0.9506610284942336
later@welcome@fool,12.60668053038079,90.0,0.9531476591161983
outright.careless.sound,13.132451839958836,115.0,0.9515114650649247
aboveunknownwitchery,11.02865175320664,100.0,0.9291206188442435
soundly@interesting@guinea,17.412473562219475,130.0,0.11272056356088017
amiably-exempt-orange,13.028677503935647,105.0,0.9404266158150313
amiably.bubbly.earnest,13.278658515609537,110.00000000000001,0.913643252893821
underneath-extraneous-smoking,12.612952241699803,145.0,0.45260819463829366
constantly.tiny.cantab,12.612952241699803,110.00000000000001,0.9510955871048296
purely-mazy-wine,12.856674637066842,80.0,0.9297262986940326
whereforemimicwheaten,16.581991538497633,105.0,0.0598922537127977
whereon.steadfast.dust,14.621880674896707,110.00000000000001,0.23352029848236244
unexpectedlydarlingfortune,15.226024308264359,130.0,0.9512425178762087
underneath@warm@turn,17.098770087462267,100.0,0.9347490502985474
unawarescloselark,12.839671892245784,85.0,0.4498200072057023
surreptitiously.twangum.holding,13.132436878755358,155.0,0.23355412411495236
onward!unlikely!handle,12.684065665948232,110.00000000000001,0.23443541732330303
hard!leetle!breezes,16.66247356221947,95.00000000000001,0.9264157731457674
unclasp.topmost.smarting,12.632449538194829,120.0,0.4599215494082906
heavily-bewildered-sheet,13.132443208419552,120.0,0.4615701723333361
suddenly.arithmetic.cigar,12.88244320841955,125.00000000000001,0.9352169580721654
utterly@sleepest@harmony,16.581991538497633,120.0,0.1201077058835701
past@bubbly@cooks,16.800608817976666,85.0,0.9529158388385935
ryghte-concentrated-mile,16.831991538497633,120.0,0.9297351519968339
asleep!deadly!dances,12.88244320841955,100.0,0.9500729563841244
entirely@wonderful@signs,12.632449538194829,120.0,0.9514280856313406
simply.gentler.squadron,16.581991538497633,115.0,0.9397217665144042
faintly!pitiful!banners,16.581991538497633,115.0,0.9530388914340693
best.mumbian.yestereve,15.32978368308407,110.00000000000001,0.9333896556807224
proudly-doubtful-ealing,12.759192866880094,115.0,0.9511119275144252
considerably.feeble.home,13.632373588222228,120.0,0.9300133193008236
best@pellucid@lair,11.380241682781264,90.0,0.4615435435050532
frequently!primaeval!parlour,16.662473562219475,140.0,0.2452467509285587
unrestrainedly.scarce.pounds,15.291782909722807,140.0,0.24510404886371406
there.mendacious.terminus,9.913863591056744,125.00000000000001,0.12000582457928918
horribly.dusky.twinkling,16.581991538497633,120.0,0.45965507219642104
suddenly@ecstatic@cloth,12.862946245012434,115.0,0.9452561428732315
tillserriedowls,10.461743575595962,75.0,0.9259804342723341
thoroughly.smallest.snores,12.632449538194829,130.0,0.4615819893502113
instead@addicted@degrees,11.776475978186275,120.0,0.9528048840225083
such.studious.minuet,14.537182252217157,100.0,0.9534630132175173
dumbly!angry!sparrows,15.179918165480002,105.0,0.9504470060470606
tweedly.vicious.meerschaum,15.291782909722807,130.0,0.9450014555626111
patiently-smallest-songs,16.581991538497633,120.0,0.943388612325611
softly@runcible@shape,13.31666561830176,105.0,0.11696765006958713
wyll-simple-tongs,13.155412504090771,85.0,0.11325758873524636
gaily!hearty!quee,12.600516015698537,85.0,0.23346353884803445
round!neuralgia!foam,15.210078702113645,100.0,0.9522865418265105
clerkly!natured!bonfires,16.581991538497633,120.0,0.9401619538154145
greatlywavyprint,16.831991538497633,80.0,0.9438756117089829
faintly.hummy.path,12.943431267065497,90.0,0.9506782414434326
presently!surprised!matter,11.631855431617925,130.0,0.9440132520004607
soon!offensive!gargle,11.24887631053814,105.0,0.4594524955222791
cheerfullylargecurry,16.631818740553484,100.0,0.9453003664282323
extremely@dangerous@esteem,14.927757947877403,130.0,0.4615567300164478
scarcely.long.forehead,16.764329641011713,110.00000000000001,0.9531142747714629
feebly!appalling!impression,11.196000284239712,135.0,0.9487860096077658
shilly.concentrated.doorway,12.612952241699803,135.0,0.953029699909334
loose@rosewood@couple,15.291782909722807,105.0,0.9422720816082354
consequently.delightful.heat,12.612952241699803,140.0,0.9206140311419284
onward@undoubted@guitar,12.632449538194829,115.0,0.4536930344193474
i’ve.delightful.o’erthrown,10.599871636157582,130.0,0.9433396697317707
waddly-solitary-cousin,11.196000284239712,110.00000000000001,0.469512235774999
instead!twangum!towers,11.526482307961553,110.00000000000001,0.4611573067010199
gaily@narrow@vestige,16.581991538497633,100.0,0.4612624036974249
about!aghast!jelly,11.706880050583177,90.0,0.9530388856928189
waterwagtailscapablewainscotings,16.831991538497633,160.0,0.06047437995780231
finally!fearless!reading,15.145542284542516,120.0,0.2345288663617538
once@threadbare@moment,14.918344913705063,110.00000000000001,0.003774799604862586
underneath.barbary.trumpet,12.759189868523944,130.0,0.9400792413067776
comfortably@certain@deeds,16.581991538497633,125.00000000000001,0.4596340666772616
frequently-scrumptious-setting,16.581991538497633,150.0,0.9507449732568235
remarkably@abject@lath,16.581991538497633,110.00000000000001,0.4692473647521437
over!nursy!copy,14.690062308383563,75.0,0.9488333333096568
utterlyindiandrink,13.075284058943737,90.0,0.9453012616211333
immensely.inferior.intelligence,12.632449538194829,155.0,0.059871126000489286
high.eldest.johnny,15.074949534286755,90.0,0.12071630396336182
there-incessant-score,13.863405591359548,105.0,0.9441958216119257
exactly-heavy-believers,10.77865175320664,115.0,0.9300104770676106
alternately.fidgety.tower,12.60668053038079,125.00000000000001,0.45648063971123615
wearilyunhappypobbles,15.145542284542516,105.0,0.23452846048370868
slowlyfranticpolly,10.947506927874064,90.0,0.9488443803102398
loudly.wistful.home,13.632373588222228,95.00000000000001,0.9485501373297247
thoughtenderestidols,14.300358432045517,100.0,0.4539760288277434
shilly!lurid!idiot,16.581991538497633,90.0,0.9399945506770652
regardless-wordless-being,11.888813197465366,125.00000000000001,0.9505809180889522
wholly-melancholy-cantab,12.759192866880094,120.0,0.9257772486020228
’twere-twirly-districts,15.145542284542516,115.0,0.23689689600674238
sparely!inclined!study,13.132443208419552,110.00000000000001,0.9531017044988014
consistently-heavenly-bawn,15.145542284542516,130.0,0.9266003166609865
willingly-remarkable-cutlets,13.132443208419552,140.0,0.23351636930654063
tumbly!many!building,15.300914378729084,100.0,0.11418820735462383
incautiously!concentrated!buns,12.632449538194829,150.0,0.9146940999157602
slightly@sunless@tumble,13.028677503935647,115.0,0.1203854853585317
least-lordly-void,12.712931561916669,85.0,0.24292346396935788
mutely.highest.pace,12.612952241699803,95.00000000000001,0.9156550346986145
strown-laced-downy,12.632449538194829,90.0,0.9450210756379163
course-disgusting-articles,16.714620217672326,130.0,0.9525437186960299
alackpurewish,11.750701513615912,65.0,0.9446894951808008
instantly@keen@chain,11.695987624800244,100.0,0.9525588546963492
afterwards.immoderate.tranquillity,12.632449538194829,170.0,0.014974433914911128
instinctively.acquainted.milk,16.581991538497633,145.0,0.4573370611750354
plainlyluckytibbs,13.334256620943648,85.0,0.4615465085612236
fairly.mindless.request,16.581991538497633,115.0,0.9453082438650198
really-haunted-doorscraper,11.196000284239712,130.0,0.9439322386748553
tearfullydevoidbantam,12.632449538194829,105.0,0.9397682465554589
home!fairest!shawl,13.207320619666971,90.0,0.24519977659198394
rather-forgotten-stair,10.910557381593973,110.00000000000001,0.4615762270664576
comfortably-hollow-umbrella,13.278658515609537,135.0,0.46946670833068377
almost!sunlit!riddle,12.612952241699803,100.0,0.933352656999382
instantly!bountiful!methinks,11.176502987744687,140.0,0.9257797105891584
away.evil.ringlet,15.711300886000965,85.0,0.9449736649988701
completely!invidious!share,12.973085728265726,130.0,0.47512063066432353
nearly!upright!ryghte,16.831991538497633,105.0,0.9508976741020964
overlankdecorum,10.74052030808076,75.0,0.45739280435216206
lovingly!propitious!fitting,15.129596678391803,135.0,0.9351974555186655
foolishlyploshkinwhispers,17.162473562219475,125.00000000000001,0.23453010097925014
wisely@late@snow,16.728232163677923,80.0,0.9511002673325784
hardobviousgrandmother,16.66247356221947,110.00000000000001,0.2344205713632738
tweedly.dearest.miles,15.32978368308407,105.0,0.9438579151660214
well.alien.trice,10.754406979341093,80.0,0.46946666205082466
shinglysuggestiveblame,12.88244320841955,110.00000000000001,0.2441432476203348
tearfullycharnelhousehold,16.581991538497633,125.00000000000001,0.24292246382594224
whereon.unintelligible.rules,11.068566640334721,140.0,0.9291528632310836
sidewaysmutualblamble,16.831991538497633,105.0,0.003804718655406654
straight!joyful!coronal,14.879596678391803,115.0,0.9531332111263245
properlyamazingdocks,12.632449538194829,100.0,0.95341763358502
further@crumbobblious@crabbies,16.581991538497633,150.0,0.11272970302592143
sometimesmuchpound,15.204158597951773,90.0,0.9154501053450328
perfectlyqueenlyobjection,11.224869588594697,125.00000000000001,0.45894978088199745
needly!evanescent!goodness,15.129596678391803,130.0,0.9364735526326722
freely-nonsense-swat,12.596026411656869,100.0,0.461672628705336
wheedly!semi!drops,13.064781977220537,90.0,0.9528002449932115
tweedlyserenedeadlie,15.57978368308407,100.0,0.11324505238501026
hence@hush@valley,13.293394596645927,85.0,0.47547796913572443
everywhere!whimsical!side,12.80886456980149,125.00000000000001,0.9403652316364864
merely.borascible.scythe,11.23848153460029,120.0,0.4589918030270987
firmly.unconscious.firelight,16.581991538497633,140.0,0.24272597118461894
thoroughly.attentive.ballad,16.581991538497633,135.0,0.9507872571971205
jingly@blamable@chestnuts,16.72823216367792,125.00000000000001,0.0037352419612458236
shingly-astonishing-sorts,16.831991538497633,125.00000000000001,0.9300122199027364
gaily.mysterious.snakes,16.581991538497633,115.0,0.234544071923945
beneath!such!curtain,14.911231769832705,100.0,0.9522512536460674
rapidly.long.afar,12.81478764070891,85.0,0.9500887137861953
visibly-loveliest-pairs,16.581991538497633,115.0,0.4692442410068469
mutely@depressing@tack,16.581991538497633,110.00000000000001,0.9507851755868044
wheedly!regal!shot,12.862946245012434,90.0,0.9527994305668998
afterwards-distressing-sleeves,16.581991538497633,150.0,0.9146831202397977
frankly!familiar!verses,16.581991538497633,115.0,0.45895038461258875
unaccountably!innumerable!idiot,15.145542284542516,155.0,0.44872948520179873
everywhere@stumpy@flood,16.581991538497633,115.0,0.003763545567306524
asunder!ethereal!phrases,16.581991538497633,120.0,0.9291605534144379
loudly.disgusting.pork,13.132430549202248,110.00000000000001,0.9297535537960093
sadly-toasted-sorts,15.438856477717016,95.00000000000001,0.46180203080351107
away-fair-smoking,11.992261589203135,85.0,0.23315302256803017
waterwagtails.inventive.jobiska,16.685750913317342,155.0,0.9450101568343602
directly@silver@gurtle,12.768529667250782,110.00000000000001,0.9453003359305694
rarely!stately!feelings,16.685750913317342,115.0,0.4755841016193729
shortly!gramble!rabbit,11.676496991057318,110.00000000000001,0.9398511066990504
instantly-eastern-snail,11.445993954464434,115.0,0.950537902085973
gaily.accustomed.villas,16.581991538497633,115.0,0.24193936920418807
immensely!lidded!creep,12.88244320841955,110.00000000000001,0.11999411518065227
over.keen.fellow,10.721023011585734,80.0,0.47546384489430865
awhile@sainted@pint,11.196000284239712,95.00000000000001,0.4615882970114326
madlyhimmeltaniousnights,13.132436878755358,120.0,0.9297355077497058
hitherto!photographic!noon,16.581991538497633,130.0,0.4526569876389284
finally!borascible!jujubes,15.395542284542516,130.0,0.12006018950007977
grimly!veal!lollipop,16.64775013995608,100.0,0.9298441320449072
bitterconceivablelakes,16.637589643831745,110.00000000000001,0.11272025373015498
upsidepluffskinarrangement,13.462925232141393,130.0,0.930020265248842
tolerably.heavy.height,12.710437940751818,110.00000000000001,0.4539471814622343
over.syllogistic.admirals,14.690062308383563,125.00000000000001,0.9433039904949121
commonly@calm@sweets,16.96063483170507,100.0,0.4540438543403408
hoarselyshuttumult,16.581991538497633,90.0,0.060194391252062815
laterashskin,16.72823216367792,60.0,0.060332025296942066
quite!unresisting!drone,10.736423612908851,115.0,0.4599224660353373
whereon.pure.haze,10.672338674593902,85.0,0.00023611374916642202
uneasily!mental!stories,12.632449538194829,115.0,0.2333442798030884
slobaciously@thankful@pile,16.581991538497633,130.0,0.950732274578891
wyllshinygoose,12.684065665948232,70.0,0.9329473463219339
horriblyamblongusthousands,16.728232163677923,130.0,0.9352207286137904
though-eminent-whispers,14.300358432045517,115.0,0.45965729548369927
seriously-fleecy-snack,16.581991538497633,110.00000000000001,0.4538548664630647
daily@rugged@paper,16.581991538497633,90.0,0.45883684508690725
regardless-stout-locks,12.170804978856657,110.00000000000001,0.11200038279236484
foolishlyhappiestweeks,13.132430549202248,110.00000000000001,0.4598657282584452
rarely!unpleasing!tunes,16.581991538497633,115.0,0.4751619672562746
perhaps!serene!satisfaction,14.73789830465287,135.0,0.4564437380769178
dreadfully@worse@powers,11.630235353005988,115.0,0.23327892923086138
beautifully-undefiled-result,16.831991538497633,140.0,0.2428458475792908
humbly!subsequent!fault,16.581991538497633,115.0,0.9511127988109588
heavily-cloudless-failure,13.009189868523944,125.00000000000001,0.9522381934845691
incidentally@behold@sheets,12.816690936736382,130.0,0.06017872229234619
sweetly.gratifying.opinion,16.581991538497633,130.0,0.9427477689315269
tolerably.much.maid,12.829871320282642,95.00000000000001,0.9442972260318381
kind-fiery-jodd,11.46087886868217,75.0,0.4770885422330455
’twas-mazy-woollen,14.621880674896707,90.0,0.2451971773684282
ahead.dearer.existence,16.581991538497633,110.00000000000001,0.4563245313479053
before@fleecy@painters,14.912435152050998,110.00000000000001,0.9427554544225195
previously!scroobious!rafter,11.526482307961553,140.0,0.46179644709050477
while-loving-bonnet,10.682651428825725,95.00000000000001,0.11364891266221136
hurriedly-dismal-cockles,14.871880674896707,120.0,0.4756055650100538
consistentlyawfulvitruvius,11.234001057600977,130.0,0.4564791129837703
patiently!unwhispered!weeks,13.132430549202248,135.0,0.9403613530289884
wistfully.gentler.feast,12.856674637066842,115.0,0.47291741823256633
namely!blind!fingers,16.581991538497633,100.0,0.9442654961707304
through@fevered@chapter,11.715658417545665,115.0,0.9297266840607811
consequently!meloobious!health,16.831991538497633,150.0,0.47544862479182026
indeed-crusty-flamingoes,16.685750913317342,120.0,0.9156247818736697
partiallyharshcoronets,12.632449538194829,110.00000000000001,0.23352167771950683
accurately!mendacious!fright,12.710437940751818,140.0,0.9364827467263532
feebly-rich-zone,11.276482307961553,80.0,0.23350070762877737
simplyblackpail,12.865670989230196,75.0,0.9400757794955122
through-enough-stile,14.793925989471028,100.0,0.46157767509621567
awhilenonsenseheads,11.750703478011099,95.00000000000001,0.12005374813007899
twicky-perpendicular-bong,11.695987624800244,125.00000000000001,0.47558435223234086
somehow-fleeting-legs,12.928555680979187,105.0,0.4598582019933044
still@polished@complaint,10.462642741820732,120.0,0.44832231479558254
hoarsely-leaden-tone,12.744318310534288,100.0,0.9439372170854465
incredibly@thankful@animals,16.581991538497633,135.0,0.9531328870578747
trulysurprisedjigs,16.581991538497633,90.0,0.9428496928741078
longugliestflies,11.094698895237514,80.0,0.44981129474310266
consequently!hearty!swallows,16.581991538497633,140.0,0.9403946115775166
softly.runcible.remark,12.814197315571526,110.00000000000001,0.44843392279973776
downwardshighperiwinkles,12.729205318972141,120.0,0.23453192743853846
gracefully@awful@remote,11.483994727825698,115.0,0.9355180646509704
fully!capable!wake,12.759189868523944,90.0,0.9260404611295346
still@utmost@knot,10.462642741820732,85.0,0.9452951688624314
doubtfully@fleecy@loaf,15.145542284542516,110.00000000000001,0.453536175113881
exactly-lovely-slipper,14.788445778385393,110.00000000000001,0.9522438741926249
greatly!sensational!lips,13.334256620943648,120.0,0.4598399973005227
near-toothsome-embers,15.476024308264357,105.0,0.4600335771322014
ladye@pink@stove,16.99582949565077,80.0,0.9524814713195552
usually@roast@suit,16.685750913317342,90.0,0.9530022486181637
darkly-olympian-periwinkle,15.145542284542516,130.0,0.9300090794312312
casually!plural!nutmeg,16.581991538497633,110.00000000000001,0.060189462444190454
really@morbid@argument,11.2739886867967,110.00000000000001,0.9413685955258606
anitherunexpectedlanguages,15.145542284542516,130.0,0.9438850628798796
beforelowestlore,11.089633482077307,80.0,0.0037640103244193576
next!tallest!district,14.626855888895221,105.0,0.11416249802565823
back-verdant-moan,11.612390115421007,85.0,0.9520279222603752
somewhere!unpitying!pensilis,12.632449538194829,140.0,0.4611098858630286
forever!formal!slang,16.831991538497633,100.0,0.2429320780637246
entirely.odious.qualities,16.581991538497633,125.00000000000001,0.23536798924868932
beyond@oldest@frill,13.028683833599839,95.00000000000001,0.949945351823083
behind@cold@pangs,16.88486756479606,85.0,0.2345180086596304
strangely@lavish@ballad,16.581991538497633,115.0,0.47712686761066736
strangely@leathery@harmony,16.581991538497633,130.0,0.9506038370328832
around@calico@frock,14.849550460302007,95.00000000000001,0.461557667771128
fairlypainfulphotographers,16.581991538497633,130.0,0.9146698018828696
matter-toothsome-inkstand,12.759189868523944,125.00000000000001,0.4598834435731938
hoarsely@stupid@spirits,16.581991538497633,115.0,0.45404866591698556
cheerfully@turbid@precipice,16.581991538497633,135.0,0.9523426597430094
firmly.daily.expression,12.759189868523944,115.0,0.45607545797055044
violently!proud!carrots,10.930054678088998,115.0,0.06047002241598734
gladlywisereggs,13.132436878755358,75.0,0.4565328396737239
subsequently.prepossessing.storm,12.771255006873387,160.0,0.9291499598573455
neatly-darkest-arrangement,11.445993954464434,130.0,0.11890020143242595
quite@keenest@dress,11.113154948319075,95.00000000000001,0.46016354234516826
also.eclectic.zemmery,16.581991538497633,105.0,0.9442791099765071
threedly.operative.mind,11.455017437667747,115.0,0.9333969905030955
absolutely@enthusiastic@dialects,16.581991538497633,160.0,0.944319329106367
somewhat.couldst.greed,12.632449538194829,110.00000000000001,0.9485510328363086
abominably!golden!digression,11.261758885698164,140.0,0.46149914546487264
happily!plainer!case,15.20114038987663,100.0,0.9300102334228816
even.primaeval.nose,10.938193278759273,95.00000000000001,0.12074502007237169
grandly@graceful@glue,12.632449538194829,105.0,0.9508338688583123
enough.snaky.sort,17.266232937039184,85.0,0.9400837222612284
upside.untied.creatures,16.581991538497633,115.0,0.2443200642365958
i’ll!pitiless!right,10.875375668730848,95.00000000000001,0.9266073548448573
bitterunwhisperedfall,12.989657928353697,105.0,0.0038052067031707193
calmlyunfathomablehearing,11.445993954464434,125.00000000000001,0.9400397498243659
ahead-complacent-people,13.79333763566591,115.0,0.23445908401477064
dimly@extreme@muffs,16.581991538497633,95.00000000000001,0.23683094454944523
however-plain-vine,11.451511729955712,90.0,0.9261383856052982
unpleasantly!velvet!third,11.52398082910897,125.00000000000001,0.9153741577806556
daily.pluffskin.expense,17.162473562219475,115.0,0.4598650352604256
most!anxious!pieces,14.927757947877403,95.00000000000001,0.24499985535414165
remarkably@cheap@tikky,16.831991538497633,110.00000000000001,0.4692473647521437
instinctively@bumpy@victual,12.632449538194829,135.0,0.24281334944016641
fourthly!slight!cart,12.88244320841955,100.0,0.9260403512210259
regardlessluridquality,11.196000284239712,110.00000000000001,0.9154797055713744
headye-luminous-surprise,13.00987156469398,120.0,0.45986987082253844
distinctly!mighty!dorkings,16.581991538497633,130.0,0.45648292381802263
slowly!stout!glamour,15.379596678391804,100.0,0.47694764338228396
incredibly!leetle!abune,16.581991538497633,115.0,0.9534473796800306
aloud.repulsive.woking,12.716711616519515,110.00000000000001,0.46002685341754757
superficiallyimpressivemoat,12.632449538194829,135.0,0.9450050941589014
late@wolfish@questions,16.72823216367792,110.00000000000001,0.4600627023879304
downward@special@shakspeare,16.581991538497633,135.0,0.45732443032832243
feebly!eclectic!lettuces,11.445993954464434,120.0,0.23442329786476182
probably@stately@field,11.85694534269081,110.00000000000001,0.9530923102740391
visibly@tiny@bridge,16.581991538497633,95.00000000000001,0.9488588000706878
reallytendervalentines,11.196000284239712,110.00000000000001,0.9486349645338926
faintly-twilight-botany,12.632449538194829,115.0,0.4498202053450946
presently!similar!spots,11.160551384906602,115.0,0.11417625346864431
surely.studious.talk,11.18371456356154,100.0,0.24293192788771067
slobaciously@provoking@kingfisher,12.986202583239262,165.0,0.9513352148735569
greatly@fastidious@slice,16.581991538497633,120.0,0.11999375621869936
purely.culinary.satin,12.88244320841955,105.0,0.46001761055567586
much@praiseworthy@prices,15.204158597951773,120.0,0.455918935894102
commonly.human.moderator,12.632449538194829,120.0,0.015029823805778572
eastluridstilton,16.766232937039184,80.0,0.9507873996693659
certainlyutterexcelsior,16.619992311858894,115.0,0.4557759336315264
brightlysquishyears,12.853579260021036,95.00000000000001,0.9500728669206894
terribly-golden-month,15.211300886000966,105.0,0.9298766839360096
affectionately.homeward.fetch,15.395542284542516,145.0,0.9329634972913776
homewardwholesaledistrict,16.581991538497633,125.00000000000001,0.952747241763007
fortunately.mumbian.fifth,16.581991538497633,125.00000000000001,0.9202203942690127
slowly@unhappy@speed,11.104956277903716,100.0,0.23601148350843976
fortunately!passionate!simper,16.581991538497633,145.0,0.23453226204641098
capriciously-happiest-ship,16.581991538497633,130.0,0.47697901536240833
soon.elegant.bundle,15.198418310840944,95.00000000000001,0.951501286525627
swiftly@transitional@linxy,16.581991538497633,130.0,0.9510849405670614
indeed.sportive.umbrella,13.632417890429245,120.0,0.9146537590258864
humbly@elegant@suns,16.581991538497633,95.00000000000001,0.23350075069840096
louderunwelllollipop,16.581991538497633,100.0,0.9523035079834622
thoroughly@efficacious@sweety,16.581991538497633,145.0,0.45102850890490664
downward-camomile-piffkin,16.831991538497633,125.00000000000001,0.014980032237543257
waterwagtails.sickly.parting,13.21290624348205,140.0,0.4770065461147189
enough!full!longitudes,17.162473562219475,110.00000000000001,0.9294222513001514
deeply-ghastly-dress,13.009180873605056,100.0,0.9330565840462998
deeply.myriad.waddling,16.581991538497633,110.00000000000001,0.24432655322675303
fortunately!calico!saltpetre,12.632449538194829,140.0,0.9529165619938913
visibly@galloobious@colleen,16.581991538497633,135.0,0.4587713257458936
courteously!angry!smoke,12.641056411318273,115.0,0.9395414163020182
fortunately-fruitless-knock,12.88244320841955,135.0,0.9529937823571858
consistently@imprudent@soup,12.147820025761531,135.0,0.9515088190373605
till-futile-wealth,14.243614290730562,90.0,0.9529953982139223
patiently!plain!amaze,12.891056411318274,105.0,0.24187257445258598
unexpectedlypurpledrilling,15.18354305790378,130.0,0.9444177205554215
quaily!brief!accidents,15.129596678391803,110.00000000000001,0.4560653193890789
twice-jumbly-desert,17.033830269012036,95.00000000000001,0.9533802229722745
wiselywidecross,16.805262737518504,75.0,0.9531016615851394
over!scrumptious!bawn,14.690062308383563,105.0,0.47299790789663226
louder.wretched.cliff,12.60668053038079,105.0,0.9515426898946282
almost!sore!spirits,16.581991538497633,95.00000000000001,0.9438851493135161
simply-praiseworthy-paradise,12.612952241699803,140.0,0.24520229900866414
abruptly!winsome!clouds,12.943425270427976,115.0,0.45931035733074593
fainregulartikky,15.249301659362226,80.0,0.9505911679022799
just!myriad!telling,11.06046760057582,95.00000000000001,0.9266681491836326
therefore!sunny!woking,11.176502987744687,110.00000000000001,0.9443298010904592
unexpectedly.twin.melody,11.176502987744687,120.0,0.06047151687153813
simply@crimson@tens,16.581991538497633,95.00000000000001,0.9355178080889329
before.laconic.birds,15.162435152050996,100.0,0.23351800318504298
remarkably!wintry!arrangement,12.88244320841955,145.0,0.9328763406752428
formerly-hollow-habits,11.506979014779157,110.00000000000001,0.9265827163114763
shilly@small@knees,12.662779443755657,90.0,0.4615332669657939
’twas!judicious!stalk,14.621880674896707,105.0,0.9513758809186873
naturally@translucent@beef,11.430035689096416,130.0,0.9524961047160992
gravely-bitter-stones,12.912272742400955,105.0,0.9201253069944202
capriciously!gigantic!pardon,12.632449538194829,140.0,0.46168129542326414
wherefore!harsh!contempt,12.88244320841955,120.0,0.47713228346157177
furiously!unhappily!tide,12.723094900017063,120.0,0.24440446961547774
vainly@foreign@maids,11.2739886867967,100.0,0.2440840950444903
better-inspector-lamp,13.132430549202248,105.0,0.9405954006244811
outside-camomile-turtle,11.94598129524713,115.0,0.9512297142779419
twicky-high-massy,15.24229806531983,85.0,0.4589503920811167
deeply.astonishing.forks,16.581991538497633,120.0,0.2428460272887345
particularlyweepestroom,13.024097534162989,115.0,0.9138879024596123
fain!humble!querulous,15.249301659362226,105.0,0.47711522195303546
darkly@minor@reciting,11.196000284239712,105.0,0.45749989646067857
meanwhile.clean.deer,12.632449538194829,100.0,0.4599227812126587
hoarsely-aged-boots,16.766232937039184,95.00000000000001,0.12010789880872015
i’ll-tallest-tunes,14.539875063040144,90.0,0.01494416728231612
together.violet.muse,14.978193753509444,100.0,0.9153750235217657
unexpectedlygingerbreadhomes,15.145542284542516,140.0,0.9364387527800015
homeward.scant.discoveries,16.581991538497633,130.0,0.948465665355877
richlymoppsikondoom,12.88244320841955,95.00000000000001,0.9444178934370155
tearfully!culinary!monument,12.632449538194829,135.0,0.9484671069924934
lessvastsorrowing,11.332080413295667,85.0,0.9505989618117405
courteously-elastic-brogue,16.581991538497633,130.0,0.11216511667496294
wholly@saddest@tobacco,16.581991538497633,110.00000000000001,0.9297470804755997
heavily@good@twirly,17.008558737733456,95.00000000000001,0.11265506351407939
guiltily@inconsiderate@science,16.581991538497633,150.0,0.4565500139218434
fully@ocean@kerchief,12.778690163375119,100.0,0.9297385743344885
presently-such-lying,11.142053904727737,100.0,0.9364781653783549
lovingly.worse.jomble,15.063838076933356,105.0,0.9300088741706212
laterexcitingstew,12.632449538194829,85.0,0.24408412725774004
violently@slight@recreation,10.930054678088998,135.0,0.4726240423577785
enthusiastically-obvious-cellar,11.445993954464434,155.0,0.24524071804633268
hitherto-wily-step,16.581991538497633,90.0,0.9438737631736632
apart!joyful!fowls,16.97823216367792,90.0,0.47551018528244116
absolutely-woeful-blaze,12.612952241699803,115.0,0.9396449797485102
usually.familiar.rinnin’,16.581991538497633,120.0,0.46158939175862285
tearfully!denser!mind,12.891466691622863,105.0,0.459921013532837
therefore!sure!round,11.78922806244957,100.0,0.24432523677455406
strown-bitter-accident,13.08427560926976,110.00000000000001,0.9533821393519287
farther!camomile!quake,11.51175888569816,110.00000000000001,0.11418853492732611
absolutely!older!blame,12.88244320841955,110.00000000000001,0.06029793078545852
humbly-large-knyghte,12.932270410475404,100.0,0.9529343442480386
foreversurethrush,13.112952241699805,85.0,0.9531409829617576
again@vast@intelligence,11.751598389573825,115.0,0.9523245555551814
long!zigzag!heaving,14.655442402558709,95.00000000000001,0.9482251638775241
immensely@melancholy@porringer,12.778690163375119,150.0,0.2345388612713749
grandly@harder@sobs,13.174918129115936,95.00000000000001,0.46934993317593326
wistfully.cold.tinge,16.78110818997635,100.0,0.9499875155372169
next@amusing@ocean,10.901538987464429,90.0,0.46024120040992783
high!serried!sunset,14.824949534286755,95.00000000000001,0.4573071643828027
alonepurpleblubber,13.17045031155609,90.0,0.45648331785444746
greatly!elastic!woking,12.612952241699803,110.00000000000001,0.4497448575020504
east.perfect.confusion,12.816690936736382,110.00000000000001,0.9300232721905702
still!culinary!bang,10.462642741820732,95.00000000000001,0.24322996656080267
completely.uncommon.adherence,16.67263405834381,145.0,0.9447217361047966
hence-suggestive-material,16.581991538497633,125.00000000000001,0.9508618236985408
instantlycompletepantomimes,11.696000284239712,135.0,0.9156189684551269
speedily-haggard-boshen,12.632449538194829,115.0,0.24321481832238298
badly-changeless-company,13.028677503935647,120.0,0.4497402351841466
properly@fearsome@comprehension,12.632449538194829,155.0,0.9507661349254816
comfortably!crude!confusion,12.632449538194829,135.0,0.0037647818410460904
directly@latin@gowd,13.109159527657486,95.00000000000001,0.45876451555745656
outside!exciting!angel,15.145542284542516,110.00000000000001,0.9512245598177754
even-incongruous-house,11.263802192508898,110.00000000000001,0.4496906032447201
wisely-interested-moan,12.862946245012434,110.00000000000001,0.9443370885266912
thereby@pert@pears,12.88244320841955,90.0,0.44981461865332606
rarely-remarkable-ducky,16.581991538497633,115.0,0.9443018135782336
cheerfullyhardyonder,16.662473562219475,100.0,0.44972823271079193
grimly!woolly!wrens,16.581991538497633,95.00000000000001,0.9522687939764765
immediately!nursy!shaft,16.581991538497633,115.0,0.475510475188314
furiously.incongruous.miles,16.766232937039184,135.0,0.4526102945144305
guiltilyhumangoosey,12.632449538194829,95.00000000000001,0.45405218281066567
tolerably-present-holes,16.728232163677923,115.0,0.47286487897641605
again@arithmetic@chocolate,16.226024308264357,130.0,0.9433756659525049
courteously!right!feathers,13.235312037056628,130.0,0.11901857586999816
coldly!undying!pain,12.74431715964494,95.00000000000001,0.9524955013036491
asunder@gramble@fury,13.278677503935649,100.0,0.9522563562150761
needly-swinish-yard,15.129596678391803,95.00000000000001,0.45882450581923057
somehow-earlier-ideas,16.831991538497633,105.0,0.24523933969649864
safely.cloudy.temple,16.581991538497633,100.0,0.45965354636535055
more!praiseworthy!curiosity,14.775729180948552,135.0,0.9206416841814855
purelysublimedelay,13.028683833599839,90.0,0.9488631161386625
incidentally-umbrageous-third,12.960430083064084,145.0,0.9446903748183602
continually.vexatious.blue,11.0922321180737,130.0,0.9260126849547718
there-twirly-coortin’,10.413844602064161,105.0,0.936488135154
alack-puffy-drive,15.145542284542516,85.0,0.11265297303790565
anew.friskier.thrush,12.612952241699803,100.0,0.9513388246294345
swiftly!dolomphious!flower,12.710437940751818,130.0,0.23452951533010782
though-unflagging-sofa,14.300358432045517,110.00000000000001,0.9261170299067613
singly.romantic.clap,16.581991538497633,100.0,0.9513386833094102
horribly.leetle.play,12.813736257233964,100.0,0.9529736866853441
then.vindictive.opsibeena,9.925541406172982,125.00000000000001,0.4615657624460599
throughliddedcrowd,10.88127377318208,90.0,0.44974051035176976
trulyeasterncandle,12.856674637066842,90.0,0.4756039423659503
inwardly!rosy!rinnin’,16.581991538497633,105.0,0.23445670796572102
lovingly-brief-orange,11.326282643829817,105.0,0.23446187614425626
uneasilylaudablesurds,12.632449538194829,105.0,0.2428461377211154
completely@mucilaginous@moses,16.67263405834381,145.0,0.23667296736461985
tolerably!cloudless!pigeon,16.581991538497633,130.0,0.11901865718807922
sometimes.dusky.sarpint,15.145542284542516,115.0,0.9504579083044816
blindly-utmost-meadows,16.581991538497633,110.00000000000001,0.06016627138883805
singly!attentive!buzz,13.132430549202248,105.0,0.933014495916737
slobaciously-astonishing-fights,16.581991538497633,155.0,0.9255999300138482
loudlyindiandillies,12.632449538194829,95.00000000000001,0.9398520469932035
most!crested!backs,14.927757947877403,90.0,0.4598587045808125
down!thankful!park,11.091291984046277,90.0,0.9504249294559629
accuratelycloserwitchery,12.632449538194829,120.0,0.9524830827984596
hastily-willing-mutton,16.831991538497633,110.00000000000001,0.9261330576593726
over-ingenious-raven,10.867260638409874,100.0,0.4729271151201511
that-silvery-sensations,13.467016385524657,115.0,0.9300086543784186
around-depressing-pigs,11.173665318265543,110.00000000000001,0.945085431328758
seriously@coloured@bears,16.581991538497633,120.0,0.4598314534471015
utterly!lonely!snuffle,12.88244320841955,110.00000000000001,0.2344407975934803
thoroughly-contemptuous-bong,13.132436878755358,140.0,0.46162127205778686
anither!especial!angel,15.145542284542516,110.00000000000001,0.003768835511032923
above-rosewood-sounds,15.124434378689733,105.0,0.9364846909366961
hard.innumerable.chambers,16.66247356221947,125.00000000000001,0.4497344522432868
already!eighth!minutes,12.632449538194829,110.00000000000001,0.930023267648223
lovingly!complete!salad,11.430054678088998,115.0,0.4570242574655811
namely.immoderate.palm,16.581991538497633,110.00000000000001,0.2344352965016486
undoubtedlyinsectwebs,16.581991538497633,105.0,0.060472759459339685
loose-haggard-throbbing,15.145542284542516,115.0,0.9452815501977825
unerringly.judicious.looks,12.026456989526936,130.0,0.9401578538771791
formerly-tchokis-quest,11.196000284239712,110.00000000000001,0.12076495933367976
lovingly.mannered.arms,10.930054678088998,110.00000000000001,0.9266767667319842
dimly-inspector-diddle,16.581991538497633,110.00000000000001,0.060333434224804985
ahead!bitter!ribands,16.637589643831745,100.0,0.0002363316641537794
straighttamechurn,14.879596678391803,85.0,0.11889997943397942
subsequentlypainfulgravy,12.632449538194829,120.0,0.9506896027471197
exactly@slim@ladle,11.424879718947459,90.0,0.948827562560109
happily.curly.leap,11.445993954464434,90.0,0.44915816733895747
humblyyonghyscenes,17.55871418739976,90.0,0.95076626469607
late@soundest@tibbs,13.480497246123935,95.00000000000001,0.9353451576474818
forthwith-vain-lemon,16.757101468032907,100.0,0.930014837951547
back-ferocious-borders,15.331435408906206,110.00000000000001,0.11266770897104364
lovingly.boundless.mark,10.930054678088998,115.0,0.9265973256023464
next@rocky@listener,14.626855888895221,95.00000000000001,0.9353474055150943
somehowclammyfishing,16.581991538497633,100.0,0.23351995238963955
asleep@heavy@exception,16.581991538497633,110.00000000000001,0.9352388112582577
ladye-actual-arguing,13.084281938933952,100.0,0.45374006897033947
newly@midmost@history,13.227804149671758,105.0,0.9206429972859057
frankly!honest!chin,12.603585102973344,95.00000000000001,0.46110167347879566
sweetly-abstemious-glory,16.685750913317342,120.0,0.47532575102212055
barely@soundest@clique,12.632449538194829,110.00000000000001,0.9146712806877013
frequently!rosewood!splendor,16.728232163677923,140.0,0.4771303293156163
shovely!cheapest!chertsey,12.612952241699803,125.00000000000001,0.44922710816465317
whence-satisfactory-disorder,11.09440402488981,140.0,0.4497343032111992
wearily@stupendous@refrain,15.145542284542516,130.0,0.9525436932482026
wheedly.piteous.shawl,13.132430549202248,105.0,0.9530009728520842
sometimes.needest.copper,15.145542284542516,120.0,0.456553785788559
soundly!exhaustive!sate,16.87447278885821,115.0,0.9394701685983045
strown-sanguinary-pumpkins,17.081991538497633,130.0,0.9355256866899967
alternatelynaughtyladle,13.028677503935647,115.0,0.23452362456022333
tweely!goblin!ribands,16.581991538497633,105.0,0.9404346045358589
greedily@tempestuous@bottle,16.902018518295815,135.0,0.23680075384170043
coldly.separate.goreewallahs,16.581991538497633,140.0,0.24261582098241422
exceedingly-light-doll,12.921568555109062,110.00000000000001,0.23454389853246868
abroad@helpless@pile,16.581991538497633,100.0,0.23579528504947594
such-mighty-upsidownia,10.587640251914353,110.00000000000001,0.9529601669781692
concisely@fastidious@frame,12.632449538194829,130.0,0.942630499788148
that@awake@pace,9.449815819241227,75.0,0.9527748967900173
jingly-slippery-jampan,16.72823216367792,110.00000000000001,0.45992249064976215
feebly!blue!bough,11.576208325065075,85.0,0.44969162930161266
prowly-acquainted-sunshine,15.395542284542516,130.0,0.9507317645455039
gladly.further.bheesties,16.581991538497633,120.0,0.9511069870382279
mutelyadvantageoustrap,12.632449538194829,110.00000000000001,0.45867671858304593
wherefore!fairish!passion,12.790918000035678,125.00000000000001,0.46178871095811685
strown!lithe!poet,12.943425270427976,85.0,0.9400565905991096
incautiouslyoffensivecause,13.028677503935647,130.0,0.11325731727323528
shingly-wild-crowds,12.810072883896083,95.00000000000001,0.9530370554417802
chiefly@obnoxious@hospitality,12.632449538194829,145.0,0.06019694054297249
abroad!alien!cupful,16.581991538497633,95.00000000000001,0.950590748110984
lowly!steadfast!verses,16.581991538497633,110.00000000000001,0.11324537619738279
immensely.heavenward.forest,13.028677503935647,135.0,0.9530022868920841
alsogentlergentleman,16.581991538497633,100.0,0.9442002167781376
aloud!moveless!beer,12.853582181485358,95.00000000000001,0.9489154952712575
aptly!ferocious!grasshopper,16.581991538497633,135.0,0.24519170261202344
hence!weak!prince,16.978232163677923,85.0,0.11265329726119454
over.chilly.color,11.320983342810017,85.0,0.9300132702613274
simply!delighted!dominion,12.632449538194829,125.00000000000001,0.9505952258674487
down!unhappy!ealing,11.09756369536529,95.00000000000001,0.9531208361963551
nightly-unhappy-veil,12.710437940751818,100.0,0.9137475085132909
sublyme.wildest.borders,16.581991538497633,115.0,0.9487726346993647
underneathvaluablerest,12.86798051824554,110.00000000000001,0.4536928376366995
possibly@inconsiderate@heaps,16.581991538497633,140.0,0.9488504903583398
lovingly.heavy.merriment,10.930054678088998,120.0,0.4593943103108288
freely!scarce!boon,16.581991538497633,90.0,0.0037862554867742907
down!pelican!contemplation,15.64708501588496,130.0,0.12004959487158892
underneath@alive@heel,12.88244320841955,105.0,0.9510665787021498
later-puffy-labour,16.581991538497633,90.0,0.2419386014613433
quitegallantpoffsky,14.685965613211653,95.00000000000001,0.4497281480163582
amiably@conspicuous@scales,12.612952241699803,130.0,0.9529141024053482
immensely!perpendicular!lobster,12.88244320841955,155.0,0.4755224460467329
singly.brief.whale,12.603585102973344,90.0,0.9488500487498942
speedily@spasmodic@villas,16.581991538497633,125.00000000000001,0.4574960286479175
totally!near!haze,12.962931561916669,85.0,0.9136068885827032
wherefore!wholesale!deadlie,16.831991538497633,135.0,0.23357520235787416
roundobscureochre,11.26053670181084,85.0,0.44981482726267924
superficially@heavy@joke,12.88244320841955,120.0,0.4753303057873695
almost.elderly.tongs,13.155412504090771,100.0,0.11418412700563871
richly-sure-omnibus,13.132443208419552,95.00000000000001,0.4540634366012803
abruptlynicestfume,12.632449538194829,90.0,0.06018823479292204
farther@operative@journey,11.26175888569816,125.00000000000001,0.9444074808128388
doon!ugliest!raspberry,16.66247356221947,110.00000000000001,0.9334155913534857
hitherto@flat@spring,13.132436878755358,100.0,0.950657484858771
alas-harmonious-flumpetty,10.930054678088998,125.00000000000001,0.46154915256253487
remarkably!wanton!objects,16.581991538497633,125.00000000000001,0.9334042042717244
inkstand@wide@source,16.95150336269879,100.0,0.4692477657936987
looseaddictedstilts,11.176502987744687,95.00000000000001,0.9500625631147176
’twas@naughty@merit,14.621880674896707,95.00000000000001,0.9489962471708351
where!mental!party,10.58739757721826,90.0,0.23315999318857816
properly!cloudy!whispers,16.581991538497633,120.0,0.9513354462716647
rapidly-false-flight,12.612952241699803,100.0,0.9486237926006783
immensely-latter-soffsky,16.581991538497633,120.0,0.46951243331969367
madly@wrinkled@leave,16.6133742590186,100.0,0.24437940696566637
long!illusive!shout,10.705900402255905,95.00000000000001,0.9489139594438079
there!meritorious!jacket,9.913863591056744,120.0,0.9153756313326812
abruptly.attentive.fatigue,16.581991538497633,130.0,0.9202054280548762
exceedingly!agonised!actions,16.581991538497633,140.0,0.9529274288578184
abruptly@most@brook,12.930604477905149,95.00000000000001,0.4497281918987996
hastily.wrinkled.crows,16.581991538497633,110.00000000000001,0.9260219525376292
newly-fastidious-dainties,16.581991538497633,125.00000000000001,0.943953869431812
tightly!extraneous!language,13.028677503935647,135.0,0.952922223768072
fortunatelyolympianroad,12.632449538194829,115.0,0.9438640826620389
deeply.trustful.showers,12.632449538194829,115.0,0.9146968854256157
slobaciously!restless!gipsy,16.581991538497633,135.0,0.4597830718134468
ahead-affable-victory,12.88244320841955,105.0,0.4751209703260029
tweedly@short@rubber,11.238481534600291,100.0,0.9505924769989782
previously@blacky@riddle,11.176502987744687,120.0,0.9416274086923807
straight@perfect@stiles,10.930054678088998,115.0,0.9506477965065941
kind.midnight.liar,11.626616790357485,90.0,0.933263550786812
softly@visionary@twiny,12.632449538194829,110.00000000000001,0.95343734506373
inkstand.incessant.palm,16.72823216367792,115.0,0.46180593352756893
coldly!near!beadle,12.943434265421644,90.0,0.4753270809920018
alone-vexed-garland,17.14775013995608,95.00000000000001,0.23349250539201813
pointedly.gramble.paint,13.009189868523944,115.0,0.9489154506554902
wearilysuchwhite,11.808266140727568,80.0,0.2440313920234557
shovely.painless.worshipers,16.581991538497633,135.0,0.23452296859551688
rarelyjoyfulcurrent,16.581991538497633,95.00000000000001,0.9505950815152238
taily-eclectic-phantom,13.538029190688295,110.00000000000001,0.9488183348631337
first@couldst@victory,10.937082513739375,105.0,0.9485902536840504
undoubtedly@twisty@bore,12.800826335142116,115.0,0.06047177551853143
tenderly-absurd-moan,13.112946245012433,100.0,0.9294186770807239
gaily@voluminous@morning,16.581991538497633,120.0,0.4563192227105221
before@verdant@arrangement,11.212886821972914,130.0,0.45986420300172964
there-inexpressive-attery,13.863405591359548,125.00000000000001,0.9297291048260926
humbly-sleepless-hope,12.790918000035678,105.0,0.4526771541364697
beyond-other-fowls,16.76623293703918,90.0,0.4599272059928859
onwardcongenialmonkey,16.581991538497633,105.0,0.2333780109638827
profoundly.subdued.mountebanks,12.632449538194829,150.0,0.12006534268825106
whollymainroses,13.155430493704232,75.0,0.11896189672786152
incredibly@actual@shrieks,16.581991538497633,125.00000000000001,0.24513662599988634
more!gorgeous!slang,14.775729180948552,95.00000000000001,0.2451682155177198
while!gray!bearings,14.73867552888445,95.00000000000001,0.9443298380027331
probably@shiny@helm,15.226024308264359,95.00000000000001,0.47552358775378356
feebly-ocean-chocolate,15.872264933444646,110.00000000000001,0.23356940458310277
commonly!stupid!fimble,16.831991538497633,110.00000000000001,0.06047775854993815
thusspottyvest,10.651317789964155,70.0,0.2430530054999259
slowly!deep!defence,11.211437398609965,95.00000000000001,0.11324274087781858
kindwoodencrumpetty,16.1317568959944,95.00000000000001,0.9296282284414459
mutely-photographic-gait,16.581991538497633,120.0,0.45380791395201353
strown-twin-island,16.581991538497633,90.0,0.9506586854163719
forever.unusual.agent,16.831991538497633,105.0,0.4526811935197292
home.dusky.will,13.883092300702273,75.0,0.44874520705154236
insidestrangehappiness,16.662473562219475,110.00000000000001,0.24430921272080625
sometimes-nursy-night,11.423728878818247,105.0,0.951061060614932
downward@mature@lots,16.581991538497633,100.0,0.4599211390702419
stillruddyglances,14.412184742123536,85.0,0.9156268927558704
matter@comely@dialects,16.581991538497633,110.00000000000001,0.9447199981894356
whereon.upset.spoon,10.78971194306472,95.00000000000001,0.9297419270506218
outright@fizzy@custard,16.978232163677923,110.00000000000001,0.12096786747968322
best-mere-plumes,11.380241682781264,80.0,0.4587722750919629
totally@eastern@bower,16.581991538497633,105.0,0.454060913392949
long-spotty-decay,10.705900402255905,85.0,0.4498108853865514
i’llfootedname,11.245927706014578,70.0,0.24508274095643057
highly.slippery.conduct,17.016232937039184,115.0,0.44974061896349826
newlyobnoxiousnippity,16.831991538497633,105.0,0.9524787433646184
prowly.fathomless.blaze,11.176502987744687,115.0,0.950689903613529
gravelyillusivenothingness,16.581991538497633,130.0,0.47515316981298394
backthoroughillustration,11.59718654050092,120.0,0.948823955598124
quaily.darkest.cutlets,11.68004834831372,110.00000000000001,0.9529161778105434
shally!human!frock,16.581991538497633,90.0,0.9398069059306335
unaccountably!meloobious!sleeves,15.145542284542516,160.0,0.9524775378142757
perpetually-motley-grandmother,16.581991538497633,150.0,0.9300205719984408
twice-browny-fishia,16.581991538497633,95.00000000000001,0.9505823709503186
proudly.sober.bearings,16.581991538497633,110.00000000000001,0.23453860189587197
quicklysnugdews,15.193703554028117,75.0,0.9364647910639523
alone.eighth.fortune,17.081991538497633,100.0,0.23453449486408018
inside-fond-grain,12.612952241699803,85.0,0.944407481446695
seldom!untied!thought,10.113191291500195,105.0,0.4598664061348761
wildly@unheeded@setting,16.581991538497633,115.0,0.9486498858735687
exactly!insipid!word,10.908861995719006,100.0,0.9505902238034717
clerkly.viewless.parts,16.581991538497633,110.00000000000001,0.9507707950230994
outside!moony!imagining,11.196000284239712,115.0,0.9260128289746906
’twasvexedsights,10.738097276052352,80.0,0.9489081087854282
carefully!tropical!corkscrew,16.581991538497633,140.0,0.9486526012800156
beneathtranquilspeeding,14.699232543193967,115.0,0.45992288120632147
violently.pellucid.wheel,14.879596678391803,120.0,0.24285009208096733
hencequanglehoney,13.87404777318327,85.0,0.9355268456491447
also.glassy.gentleman,16.581991538497633,105.0,0.9442226095448423
very-unblenching-park,10.55977517028868,105.0,0.4576976954025671
fully-nutritious-smarting,12.632449538194829,125.00000000000001,0.44972753018424955
kindly-fevered-style,16.789510288137052,100.0,0.47299889153063
beautifully!immense!knowledge,16.887589643831745,145.0,0.4573962263585328
fartherodiouscomposers,15.211300886000966,110.00000000000001,0.45385496313320295
hitherto.brief.hoofs,16.581991538497633,100.0,0.4755283473327319
purely@unheard@uncle,16.581991538497633,100.0,0.9204621765689686
beneath@couldst@likeness,10.749690542891164,120.0,0.9506928774770396
perfectly!cloudy!expenses,15.174411588897502,125.00000000000001,0.9405877027410188
respectfully!huge!hatchet,11.176502987744687,125.00000000000001,0.24430949298342383
taily!copious!battlecock,17.081991538497633,120.0,0.9506188437112503
faintly@bitter@lace,12.688047643528941,95.00000000000001,0.46157959571166596
such!upset!size,10.811867315213648,75.0,0.23356463514207132
tinkly@several@beasticles,15.145542284542516,125.00000000000001,0.4611522892877731
faintlyheavenwardsquares,16.581991538497633,120.0,0.9400784014889368
thatstablevenison,9.719306785960974,85.0,0.4694653844229735
whence!agonised!puck,14.940192980148181,100.0,0.9204982882436112
exceedingly@dolomphious@senna,12.632449538194829,145.0,0.23600226029669208
accurately.trellised.works,16.581991538497633,130.0,0.4487317833532148
greedily-mysterious-soddayne,16.581991538497633,140.0,0.9200278034378641
otherwise.earnest.mulberry,16.728232163677923,130.0,0.9433815635587041
i’ll-wrong-bisky,14.974116461581696,80.0,0.9506056174272628
alternatelyeasternsqueaks,12.632449538194829,125.00000000000001,0.9361983254654602
twicky!lurid!pond,11.196000284239712,85.0,0.9450947850637447
ryghte!heavy!hats,12.882449538194829,85.0,0.44972890802335047
cheaply@sainted@flour,12.632449538194829,105.0,0.4615940612411095
instantly@blacky@birdlings,15.145542284542516,130.0,0.939479584257611
brightly.laudable.pitch,12.632449538194829,115.0,0.014983424611180976
inside@happiest@scalding,16.581991538497633,120.0,0.9352060451431892
charmingly@dangerous@firelight,16.581991538497633,150.0,0.242720824212824
least.umbrageous.snakes,16.66247356221947,115.0,0.23317841768804604
patiently!further!soap,16.581991538497633,110.00000000000001,0.11216360805562468
quickly@unknowing@landing,11.494155223950035,125.00000000000001,0.9400556224547525
tumbly-sumptuous-moment,15.188023534903095,115.0,0.9507660424982934
’twas!undying!nods,14.871880674896707,90.0,0.2451971773684282
anither!nosed!spirit,15.438023534903095,100.0,0.9507144545232643
mutelynoblertumult,16.581991538497633,90.0,0.9505924765753992
horribly.undoubted.effect,16.581991538497633,125.00000000000001,0.45940287072593
forth.yellow.habit,11.397839014754112,90.0,0.4755091337278691
headlongdarlingwebs,15.226024308264359,95.00000000000001,0.45630611461317944
whereinfizzgiggiousstuffin,11.35446874608056,130.0,0.4497400738407297
profoundly@satisfactory@meadow,16.581991538497633,150.0,0.9507560224099436
consequently.gallant.noses,16.581991538497633,130.0,0.4596718591644833
quaily.mazy.melodies,15.129596678391803,100.0,0.9529964477247387
madlyimpressivefowl,12.759189868523944,95.00000000000001,0.2444055003602731
then-genuine-larder,9.925541406172982,95.00000000000001,0.4771320082887078
enough!stony!parts,16.766232937039184,90.0,0.23351985033898534
singly!back!guide,13.064790972214205,85.0,0.9297404517485056
greatlylaconicpuddings,12.632449538194829,110.00000000000001,0.23347380622168457
consistently-plentiful-work,15.395542284542516,135.0,0.951515663308522
about-broken-quee,10.882477937165774,85.0,0.46946669808724045
midnight-superfluous-pixy,15.291782909722807,125.00000000000001,0.47700526730803017
affectionately!irish!hiawatha,11.368970197309523,145.0,0.9442133987840986
wildly!unusual!living,16.60872033947676,105.0,0.9480956687170545
suchpleasinglabors,14.537182252217157,90.0,0.23324734460471644
hastilyconvivialidea,16.581991538497633,100.0,0.11219442787707973
firmly.ferocious.coach,12.632449538194829,110.00000000000001,0.11322873517973805
tightly-leetle-expenses,16.581991538497633,115.0,0.9294363813323911
least!waterproof!cheese,12.885901474986479,115.0,0.9505276313528994
