toweringdespair,11.479338302860638,21.477881760621383,0.9300145064631112
unpleasing!morning,16.792606792959912,21.477881760621383,0.4587724853289993
narrow-friend,11.683048483850596,21.477881760621383,0.9507662384446044
ingenioushandle,11.595372296227378,21.477881760621383,0.9300161268296234
bountiful.lobsters,16.792606792959912,21.477881760621383,0.06018383360876415
multitude.forks,14.71773447972586,21.477881760621383,0.9515432999586076
bespangled-sash,12.19320057997021,21.477881760621383,0.4595698760656201
glittering!mist,11.500554397229472,21.477881760621383,0.9507841954167038
depressing.fault,16.792606792959912,21.477881760621383,0.944243519110287
clear@lollipop,17.287749068683322,21.477881760621383,0.9484723590423372
briefache,16.792606792959912,21.477881760621383,0.45266558187313616
lofty!sort,17.792606792959912,21.477881760621383,0.9442806121672913
moony.passing,16.792606792959912,21.477881760621383,0.9444297498522324
singular-spectacles,9.611285120616019,21.477881760621383,0.9511008026646448
viewless!toasteses,16.792606792959912,21.477881760621383,0.4615353062387706
shiny.lots,16.792606792959912,21.477881760621383,0.9446798155639092
respective@maxim,16.792606792959912,21.477881760621383,0.23453880961250906
suchdeeds,14.066194411252612,21.477881760621383,0.953092735066072
scarlet!waste,12.249842247117648,21.477881760621383,0.4590184184969549
gratifying-firelight,16.792606792959912,21.477881760621383,0.9529948309043798
strict@pleasures,16.792606792959912,21.477881760621383,0.23334213508622376
melodious.positions,16.792606792959912,21.477881760621383,0.23451857727006314
oblongblamble,16.792606792959912,21.477881760621383,0.9206136905032481
woodenyesterday,11.859875686189136,21.477881760621383,0.4611548909918548
slowtramp,14.951471928131904,21.477881760621383,0.4573195547737129
heavenly.paper,16.792606792959912,21.477881760621383,0.11417171421360937
vague!cause,12.249842247117648,21.477881760621383,0.9405065635214437
devoiddawn,12.102994044590453,21.477881760621383,0.9364847496367822
handy@vegetables,11.526550792556172,21.477881760621383,0.23324471741906555
frenchmeekness,11.526550792556172,21.477881760621383,0.920333985645509
curly-stair,11.500554397229472,21.477881760621383,0.4599542442875431
slightestleave,16.834450420321197,21.477881760621383,0.05957703708107672
peaceful.sobs,12.054854746877265,21.477881760621383,0.24409802823401144
faithful@knight,16.792606792959912,21.477881760621383,0.945286005822071
fearless.moan,11.833879734979645,21.477881760621383,0.4563249462673198
best@chimp,15.12299631907516,21.477881760621383,0.915664691225553
hushed@hurry,12.028859239769806,21.477881760621383,0.951321314090421
uncomfortable.anither,16.792606792959912,21.477881760621383,0.23452473754090983
hoarse!centre,16.792606792959912,21.477881760621383,0.45969676715020047
arcticquicken,9.611285120616019,21.477881760621383,0.949011095641166
unexpected@stillness,16.792606792959912,21.477881760621383,0.1132497829166013
willing-bump,11.859884125889508,21.477881760621383,0.11325461131211918
perpetual@crumpetty,17.72839176697911,21.477881760621383,0.46114867752540867
brokenreaders,16.792606792959912,21.477881760621383,0.45964661705306536
transitory@posteses,16.792606792959912,21.477881760621383,0.9505210578956075
luminous.brandy,17.533404266738724,21.477881760621383,0.9443375577806784
long.waters,9.624459959314162,21.477881760621383,0.9297424907919539
subtlest@roof,16.792606792959912,21.477881760621383,0.9511249175558315
last@tips,9.421750805277096,21.477881760621383,0.9505320347786187
disgustingduties,16.792606792959912,21.477881760621383,0.9486463188196026
valuable.crimes,9.611285120616019,21.477881760621383,0.9534310317600095
tumultuous!problem,14.877341121019755,21.477881760621383,0.9488584549799395
illusive-lessons,16.792606792959912,21.477881760621383,0.9512315702584566
third@bark,11.849972134059561,21.477881760621383,0.23519816263754756
bald-napkin,11.526550792556172,21.477881760621383,0.06025083608334881
pertswiss,16.792606792959912,21.477881760621383,0.9534176517092862
queenly!fimble,17.125940126293244,21.477881760621383,0.9332664421877455
affectionate!throats,16.792606792959912,21.477881760621383,0.9156582035232669
convivial!movements,17.125940126293244,21.477881760621383,0.46946629916213084
tempestuous@stop,11.859875686189136,21.477881760621383,0.12010799561181126
stormy.yields,16.792606792959912,21.477881760621383,0.24293188572466592
surly-tripod,11.526550792556172,21.477881760621383,0.45980166403560035
mistaken-flocks,11.833887730562807,21.477881760621383,0.44980585132387774
rightgull,9.870487646837201,21.477881760621383,0.47300255868701335
waterproof.bong,12.19320057997021,21.477881760621383,0.9504300445076651
ordinaryopium,16.792606792959912,21.477881760621383,0.9355330857812333
legged!crown,11.94118510220037,21.477881760621383,0.454051654009924
duller-wonder,11.859875686189136,21.477881760621383,0.11955326722526066
fair@wasp,9.944618453949351,21.477881760621383,0.24278285755091797
abstract.garden,10.187720377266535,21.477881760621383,0.2345302354862904
randomnullahs,16.792606792959912,21.477881760621383,0.9364975166568097
spikky.wisky,14.25325644860416,21.477881760621383,0.2441746620836041
wicked-pitch,11.526550792556172,21.477881760621383,0.24525120264974015
viciousdilberry,16.987594293200292,21.477881760621383,0.2428505754057538
half-porringer,11.737306864389343,21.477881760621383,0.9513354143019861
silken-empress,12.249842247117648,21.477881760621383,0.12076972539703942
plentifulangel,17.125940126293244,21.477881760621383,0.06040954200277493
kind.victual,9.990452961865996,21.477881760621383,0.47299337325650803
virulent.knees,11.833887730562807,21.477881760621383,0.24334866063788219
heavenward!setting,16.792606792959912,21.477881760621383,0.23334787070083768
cleanbisky,16.792606792959912,21.477881760621383,0.9447608143567865
oracular@jomble,16.792606792959912,21.477881760621383,0.12005719918984481
hugechannel,11.500554397229472,21.477881760621383,0.9437963308330616
luminous@ghost,12.370453949584423,21.477881760621383,0.23536962306597092
dreadful-forks,16.792606792959912,21.477881760621383,0.4526661424915642
deluded@waistcoat,12.300501505528516,21.477881760621383,0.4596967506704791
firstbattle,14.198792533386344,21.477881760621383,0.4755114006625181
truehoard,15.054179359919347,21.477881760621383,0.23535647991388872
squeakybell,11.48560543295546,21.477881760621383,0.060477167073506505
fleeting@breeze,11.963860804923025,21.477881760621383,0.9524885461869659
stupendous.pardon,9.611285120616019,21.477881760621383,0.11270994759097909
unexpected@affrights,16.792606792959912,21.477881760621383,0.1132497829166013
surprised!lilies,16.792606792959912,21.477881760621383,0.2345288133233948
mute.sailor,16.792606792959912,21.477881760621383,0.060477640636881755
unhappyobservation,11.492192115470786,21.477881760621383,0.9451318980645036
dead@barrels,15.044841234529486,21.477881760621383,0.9513515815882937
motley@face,11.765576735668915,21.477881760621383,0.9530248982108462
gauntfays,11.526550792556172,21.477881760621383,0.4614847908315035
gray!feather,11.980745261024795,21.477881760621383,0.9364985451232958
pleasant.napkin,9.256690979081734,21.477881760621383,0.060192525569377105
tallest-needle,11.94118510220037,21.477881760621383,0.9507422400173109
suggestive!vellum,9.611285120616019,21.477881760621383,0.46154665554456575
uncertain-mousy,16.792606792959912,21.477881760621383,0.46931288150371925
glorious@duck,11.936994475995396,21.477881760621383,0.9505909034416277
tail-alley,11.934014933001654,21.477881760621383,0.9450011890069816
shrill@cabbage,9.923332327091622,21.477881760621383,0.24293635565779753
fishy.dumplings,16.792606792959912,21.477881760621383,0.4540517930566716
couldst-joys,16.792606792959912,21.477881760621383,0.9156545607701964
sufficient-gurtle,11.526550792556172,21.477881760621383,0.9446904596199107
soundestexpressions,11.500554397229472,21.477881760621383,0.46946556900509545
dreamy@boat,12.150623980167548,21.477881760621383,0.9506281729727701
merciful!gait,16.792606792959912,21.477881760621383,0.11325574883261687
subject!ealing,9.780276225529702,21.477881760621383,0.47712552837229366
formallark,11.695537899661659,21.477881760621383,0.9504600402746204
pluffskinquicken,12.30052682418529,21.477881760621383,0.45876717674226875
spikkyleaps,8.987200448200422,21.477881760621383,0.9354826947777343
awfulpathway,16.843274490774927,21.477881760621383,0.46953677933121307
sandy@tail,12.149471116200493,21.477881760621383,0.1136494724842284
enthusiasticingredients,16.792606792959912,21.477881760621383,0.9506587812664404
unfortunate-tune,11.859875686189136,21.477881760621383,0.24293139058590568
dusky.copse,16.792606792959912,21.477881760621383,0.46149726684404546
ugly-nobility,9.611285120616019,21.477881760621383,0.46155795892862567
downward-moans,11.492192115470786,21.477881760621383,0.944785634759879
afloat.tone,11.67570915567545,21.477881760621383,0.45964595170262756
fine!flower,11.694750355279618,21.477881760621383,0.9531450262762328
goodly!hues,17.125940126293244,21.477881760621383,0.4559159000123779
unmanned@page,11.859875686189136,21.477881760621383,0.9489649414677889
disjointed.maze,11.526550792556172,21.477881760621383,0.9297327017668455
cheap.isles,12.028871232994993,21.477881760621383,0.47698562737181616
hollow!flattery,15.685297427997456,21.477881760621383,0.9452914532178155
exciting@folk,11.737842075010636,21.477881760621383,0.2452174495456524
stately.brim,14.877341121019755,21.477881760621383,0.9397560384961934
heavenly.stable,16.792606792959912,21.477881760621383,0.9510621758635055
favourite-shops,16.792606792959912,21.477881760621383,0.9452861890954923
gallant-round,11.984187830169317,21.477881760621383,0.950089246220682
respectivesimpers,11.526550792556172,21.477881760621383,0.9527049393772083
camomile.presence,17.125940126293244,21.477881760621383,0.9146608198526287
similar@bottles,12.232966016378981,21.477881760621383,0.9505303308922823
sonorous!chain,12.19320057997021,21.477881760621383,0.060429044122942116
candid-heroic,16.792606792959912,21.477881760621383,0.9300102166791595
shiningflickering,16.792606792959912,21.477881760621383,0.9442595024486508
heavenly!feeling,11.859875686189136,21.477881760621383,0.9506769202949721
easierbears,14.877341121019755,21.477881760621383,0.9449873865627557
crystal@melodies,14.877341121019755,21.477881760621383,0.4695838572563873
untiedghoul,11.859875686189136,21.477881760621383,0.44982167978147675
left!bumble,14.153631081348582,21.477881760621383,0.1207673735749453
horrid@blare,11.721538292796554,21.477881760621383,0.9526788373044515
mannered!heads,12.266155050918018,21.477881760621383,0.015331876268314844
hotter-treatment,16.987594293200292,21.477881760621383,0.9488242652495461
select.mustard,11.859875686189136,21.477881760621383,0.9332746619341236
bodied.geography,16.792606792959912,21.477881760621383,0.9522290241428715
supple-harp,11.859875686189136,21.477881760621383,0.9442283211684565
sainted!green,12.37761515790831,21.477881760621383,0.45985492368147207
despairingjohnny,16.792606792959912,21.477881760621383,0.9487839047505202
transitional@mussak,16.792606792959912,21.477881760621383,0.9505210578956075
ready!water,12.213676234684263,21.477881760621383,0.23452729980022158
fearsome.multitude,16.987594293200296,21.477881760621383,0.9506897315556082
pluralest@measure,11.526550792556172,21.477881760621383,0.9261178639867622
toasted!wretches,15.07232862126014,21.477881760621383,0.12001233870780624
crowded.excelsior,16.792606792959912,21.477881760621383,0.23452296564883549
stiff@luxuries,16.792606792959912,21.477881760621383,0.2433334008160024
deadlytoast,11.595372296227378,21.477881760621383,0.23351329864781498
fast-clash,9.785011812655453,21.477881760621383,0.913888162570567
tall-sound,11.92410222088898,21.477881760621383,0.9447158215466996
long@soddayne,14.223874611708013,21.477881760621383,0.4593074535968204
half.wretches,17.00336286479308,21.477881760621383,0.9507412311573017
holy-themes,16.792606792959912,21.477881760621383,0.9205635527726245
welcome!clamour,16.792606792959912,21.477881760621383,0.060478985017769944
human!piffkin,16.792606792959912,21.477881760621383,0.060198173364444385
bewilderedcell,11.526550792556172,21.477881760621383,0.2344616338658029
crafty-grasshoppers,14.877341121019755,21.477881760621383,0.4615521635267985
false.knives,11.859875686189136,21.477881760621383,0.9486033687017902
beloved@gurtle,11.526550792556172,21.477881760621383,0.23352217350060728
sublime-owner,11.721538292796554,21.477881760621383,0.4695462383039491
silken!lying,11.721538292796554,21.477881760621383,0.4769863397461927
visionary@rats,12.054854746877265,21.477881760621383,0.9531491687602991
slenderecho,17.12594012629324,21.477881760621383,0.24334631248458438
phantom.troup,11.565043198362817,21.477881760621383,0.9261286602071623
unnatural!esquire,11.859875686189136,21.477881760621383,0.9254615120316155
eminentsalt,16.849248460107347,21.477881760621383,0.2335141945925613
moppsikon!goblet,16.792606792959912,21.477881760621383,0.952803347594705
handy@stripe,16.792606792959912,21.477881760621383,0.9529283055209401
utter-handful,16.792606792959912,21.477881760621383,0.475597141493073
bare!rill,11.695541897469854,21.477881760621383,0.4770458127705576
luminous@dungeons,17.200070933405392,21.477881760621383,0.9297420438439246
wisermold,11.526550792556172,21.477881760621383,0.9329253941252831
tail!spring,12.462318887322745,21.477881760621383,0.4614640990277811
congenial-poetry,16.792606792959912,21.477881760621383,0.45642947161817987
wild!crabs,17.117116055839514,21.477881760621383,0.44981434952038507
satin.muffin,11.94118510220037,21.477881760621383,0.12072374327900706
gorgeous-beds,11.526550792556172,21.477881760621383,0.05989051052951946
ferociousneed,10.547027897614443,21.477881760621383,0.24299759726435452
hummy!quicken,11.526550792556172,21.477881760621383,0.9527477250500603
happy!treatment,16.930952626052857,21.477881760621383,0.9505720604227995
fairish-bough,11.526550792556172,21.477881760621383,0.4754951437836105
melodious.insect,16.792606792959912,21.477881760621383,0.23315909377610158
quick-meat,15.12299631907516,21.477881760621383,0.9438551186116559
yearning!barrow,16.987594293200292,21.477881760621383,0.45880753632310955
clangel@round,10.068922158229162,21.477881760621383,0.12009364988132465
rapt-scores,11.859875686189136,21.477881760621383,0.45730093328962784
furious-plate,12.054854746877265,21.477881760621383,0.9401379120478289
sorry!apes,16.792606792959912,21.477881760621383,0.9513169689228289
friendly@blame,11.859875686189136,21.477881760621383,0.23443447948288332
desolate@tinge,16.792606792959912,21.477881760621383,0.45267520054629923
moppsikon-beef,12.193192140566063,21.477881760621383,0.950745573858164
spikky@warriors,14.25325644860416,21.477881760621383,0.9332753869325806
sadder-soup,12.462310447918595,21.477881760621383,0.4694733973561421
hind@date,11.526550792556172,21.477881760621383,0.46180275933234566
meditative-gooseberries,16.792606792959912,21.477881760621383,0.9261258315011037
remarkable-parlour,16.899916157922366,21.477881760621383,0.9444462318325344
underdone.handful,16.792606792959912,21.477881760621383,0.9260128924388182
wildest@architecture,16.792606792959912,21.477881760621383,0.4564832496856161
purple!coachman,16.843274490774927,21.477881760621383,0.0018850996774747145
crusty!wife,12.020499852862615,21.477881760621383,0.9259305283440726
mindless.charm,16.792606792959912,21.477881760621383,0.23534202075171556
botanical-home,12.85978285925937,21.477881760621383,0.015331212652106926
soremill,11.488064878927528,21.477881760621383,0.9443296983199214
softgray,9.785634009483624,21.477881760621383,0.9500569194913283
distasteful.whizz,11.526550792556172,21.477881760621383,0.9297534020828884
gloomydrawers,11.859875686189136,21.477881760621383,0.12071070402413177
tight@hare,11.859884125889508,21.477881760621383,0.12076726020162583
discordant!dragon,16.792606792959912,21.477881760621383,0.11999498657004544
thankful@dances,11.859875686189136,21.477881760621383,0.9260201681057548
culinary@buttercups,14.877341121019755,21.477881760621383,0.46949763396298655
squeaky!clap,16.792606792959912,21.477881760621383,0.9291346440449626
plentiful-tirlëd,17.125940126293244,21.477881760621383,0.952916061632351
incessant@passion,9.82257640307048,21.477881760621383,0.9505722969112415
pleased@topers,16.86673760007206,21.477881760621383,0.4615412484075425
uniquemoderator,11.526550792556172,21.477881760621383,0.11953710942402021
valuable.turnips,14.877341121019755,21.477881760621383,0.46952977360655473
responsible!arch,11.526550792556172,21.477881760621383,0.9348748152167249
sublime.periwinkle,16.987594293200292,21.477881760621383,0.4694677542497366
hasty.surmise,11.526550792556172,21.477881760621383,0.936485002421882
silent!shroud,9.657119628532664,21.477881760621383,0.23443600006817794
sudorific-tops,16.792606792959912,21.477881760621383,0.24335182562272206
ready-partners,16.856821818940706,21.477881760621383,0.05959124185672988
disgusting@baccopipia,16.792606792959912,21.477881760621383,0.4559087822400094
mellow!doddy,11.526550792556172,21.477881760621383,0.47709668222887985
stony.track,11.526550792556172,21.477881760621383,0.9205626807155128
trifling@cream,14.984650485982211,21.477881760621383,0.9332709933696429
scrumptious@creaking,11.526550792556172,21.477881760621383,0.948823774993996
unaidedpast,12.10878936469775,21.477881760621383,0.12071512699970358
keepest!transport,17.125940126293244,21.477881760621383,0.9531269065426631
floppy.footfall,17.65426095986696,21.477881760621383,0.23325794418036885
silken.painters,16.987594293200292,21.477881760621383,0.06019373439855932
softest@maker,11.526550792556172,21.477881760621383,0.9498107974553572
respective.tomb,11.859875686189136,21.477881760621383,0.45993132721834307
stern!oyster,11.941189099942095,21.477881760621383,0.24293107350729573
voluble-kindness,16.792606792959912,21.477881760621383,0.05956802512106225
jiska!white,12.060239632354996,21.477881760621383,0.9333816305304427
careless!superba,11.526550792556172,21.477881760621383,0.45986777071277773
ready-line,12.119069772858062,21.477881760621383,0.9509002305534908
countless.suavity,16.792606792959912,21.477881760621383,0.24185228620787524
only@maxims,14.203297468877835,21.477881760621383,0.4575391818768432
general!criticism,9.944610014248981,21.477881760621383,0.9146697753316528
fishy!agent,16.792606792959912,21.477881760621383,0.9507479474142969
drunk-carp,11.526550792556172,21.477881760621383,0.9447190384849523
hither-roll,10.025919430260215,21.477881760621383,0.12001006404079803
half!hues,17.336696198126415,21.477881760621383,0.9205332591910792
galloobious.wandering,16.792606792959912,21.477881760621383,0.4755100500849739
threadbare@abhorrence,11.526550792556172,21.477881760621383,0.9452813069379854
perfect!moaning,16.792606792959912,21.477881760621383,0.9527776444947452
mouthed-talking,11.859875686189136,21.477881760621383,0.9438980995028105
same-books,10.68539060907139,21.477881760621383,0.948950161554753
sleeplesstincture,16.792606792959912,21.477881760621383,0.9486375355842898
appropriate@hour,12.033490076706359,21.477881760621383,0.24417513512631486
torrible@spur,11.526550792556172,21.477881760621383,0.4564768474476429
showy!warning,16.792606792959912,21.477881760621383,0.9506889223672347
radiant.effect,16.792606792959912,21.477881760621383,0.9351976652658243
deadlyelephant,11.500554397229472,21.477881760621383,0.4526642960229306
difficultbong,12.19320057997021,21.477881760621383,0.9490304749725559
twangum-torture,16.792606792959912,21.477881760621383,0.003768865756704341
smooth!boot,12.054871626129888,21.477881760621383,0.9452225523505464
ploffskin@ducks,14.951070222274835,21.477881760621383,0.9530008007109031
nicest@dorking,11.737842075010636,21.477881760621383,0.9531479104770735
insipid-branches,16.792606792959912,21.477881760621383,0.059603933677588476
unmanned!sunset,16.792606792959912,21.477881760621383,0.4693123969248741
pretty@veils,9.256690979081734,21.477881760621383,0.9505302767247951
upsetsinks,16.930952626052857,21.477881760621383,0.9529968715563615
unpleasant.boat,12.150623980167548,21.477881760621383,0.4587614869596221
botanical.stockings,16.792606792959912,21.477881760621383,0.2343936673171854
wily.score,16.792606792959912,21.477881760621383,0.944423210009032
visionary.lover,16.792606792959912,21.477881760621383,0.9488183295986468
hollow!dilberry,16.792606792959912,21.477881760621383,0.9450189461997872
selfish.parsnip,17.125940126293244,21.477881760621383,0.9529264931905383
gigantic!jump,11.859875686189136,21.477881760621383,0.9505910534416674
velvet-towers,11.526550792556172,21.477881760621383,0.003795373729514472
mysteriousbrooch,11.859875686189136,21.477881760621383,0.926052264761102
sadder.quee,11.483972762561114,21.477881760621383,0.4615416293226396
black-saucepan,17.103568727673732,21.477881760621383,0.23453512233435933
furious!depths,17.792606792959912,21.477881760621383,0.9203289095709624
eighth.architect,11.526550792556172,21.477881760621383,0.9141633105584879
purpledicularquittedst,16.792606792959912,21.477881760621383,0.9534537067112198
woolly-uneaten,14.877341121019755,21.477881760621383,0.4576977420557635
simultaneous.reverse,16.792606792959912,21.477881760621383,0.9443180115704821
twirly.stair,9.585288725289317,21.477881760621383,0.4695460679404322
angry-defeat,14.568581487402119,21.477881760621383,0.23444669193923554
fated@bugle,16.792606792959912,21.477881760621383,0.9203324840637624
evilbitterness,11.526550792556172,21.477881760621383,0.9405805233092077
holywinking,11.500554397229472,21.477881760621383,0.9488586830541548
fimble-places,17.125940126293244,21.477881760621383,0.9489516460288359
grim-week,12.09463589840472,21.477881760621383,0.9483902897813314
regal!frill,11.859875686189136,21.477881760621383,0.4771432413911412
steep@party,12.16720107518749,21.477881760621383,0.9531903206624838
savage@receipts,16.792606792959912,21.477881760621383,0.060196652686248776
gray-tens,17.272797656755234,21.477881760621383,0.9513365111191282
entire-complacency,16.792606792959912,21.477881760621383,0.9300029544290402
swinishreader,16.792606792959912,21.477881760621383,0.2452443758277143
hotter-wangel,16.987594293200292,21.477881760621383,0.9507704351545443
young-ridicule,15.058918014759941,21.477881760621383,0.4599249275962418
glittering-sniffle,16.792606792959912,21.477881760621383,0.2419400480438101
shut!periwinkle,16.792606792959912,21.477881760621383,0.4693900913855009
magnificent.villa,11.500554397229472,21.477881760621383,0.9524869758840754
sleepless-garden,12.102986049206693,21.477881760621383,0.9506345594095569
undoubted@household,16.792606792959912,21.477881760621383,0.4498004203008916
sainted.fields,11.833879734979645,21.477881760621383,0.9504594618230028
fearfulvalley,12.495489005768897,21.477881760621383,0.9447202815136052
wayward.weeks,12.193192140566063,21.477881760621383,0.24414523496320356
tropical.knight,16.792606792959912,21.477881760621383,0.23442509007886705
familiarthrills,9.611285120616019,21.477881760621383,0.23520275066435029
cruel-shells,14.877341121019755,21.477881760621383,0.9300203834453414
responsiblecrockery,17.125940126293244,21.477881760621383,0.4612435972887265
passivecrowds,11.859884125889508,21.477881760621383,0.933269816390464
undefiledface,12.09891006900225,21.477881760621383,0.015332061052613448
twilight!hump,11.526550792556172,21.477881760621383,0.9297322304452788
beloved@sheet,11.859875686189136,21.477881760621383,0.23580800242828073
uncertain@hiawatha,11.75717734331592,21.477881760621383,0.45984239389607745
plausible.cloak,11.695537899661659,21.477881760621383,0.9290679866714644
treacherous@chops,11.695537899661659,21.477881760621383,0.47560846055492045
chankly@lionel,13.128951797261408,21.477881760621383,0.9513338306842336
moveless!gromboolian,17.320927626533628,21.477881760621383,0.11264797300664753
mournful@running,16.792606792959912,21.477881760621383,0.9506921053827394
profound!foaming,16.792606792959912,21.477881760621383,0.2418548108703978
fiery.vacancy,11.526550792556172,21.477881760621383,0.9508653153516845
lesshark,10.385235833588359,21.477881760621383,0.9352370295985618
diaphanous@essence,16.792606792959912,21.477881760621383,0.9500807053708553
deaf@stool,16.987594293200296,21.477881760621383,0.4711427211496189
fairest!wild,12.211353736470564,21.477881760621383,0.9529968048733473
charnel@dish,11.82551759105219,21.477881760621383,0.9401413730763297
immoderateanimals,16.792606792959912,21.477881760621383,0.2335542529232068
buttered@corridor,17.233249491255695,21.477881760621383,0.4695256254749299
concentrated-fins,11.526550792556172,21.477881760621383,0.4491581541898433
airy!shovel,17.125940126293244,21.477881760621383,0.4578097074427669
deep-tips,9.448015653626305,21.477881760621383,0.9447874378472881
louder.history,12.320356941192076,21.477881760621383,0.11364860378700918
pleasing.joke,11.859875686189136,21.477881760621383,0.12010151052376382
drearyflood,16.792606792959912,21.477881760621383,0.9443301132293634
lower@stint,16.792606792959912,21.477881760621383,0.9507462829126389
waesomegooseberries,16.792606792959912,21.477881760621383,0.24434745766205895
roundcomparison,14.96338967778126,21.477881760621383,0.06018051418799974
gosky!pantomimes,11.526550792556172,21.477881760621383,0.45882009367747434
painfulhistory,12.320356941192076,21.477881760621383,0.9504077696384571
usefulcliffs,14.459222246068606,21.477881760621383,0.9488236002767045
unheard@shadow,10.718543849597838,21.477881760621383,0.4729184161344414
fairest!presence,16.792606792959912,21.477881760621383,0.9444402426725163
weakmouth,12.193192140566063,21.477881760621383,0.940572307617011
wisest-craze,11.526550792556172,21.477881760621383,0.9447547693628504
pretty@thrills,9.256690979081734,21.477881760621383,0.4601497947532928
odious!spinach,11.526550792556172,21.477881760621383,0.9333101532929017
other@fairy,9.26198580168136,21.477881760621383,0.9483173814489669
timidcrawfish,16.792606792959912,21.477881760621383,0.9203288541678976
unfortunatevows,16.792606792959912,21.477881760621383,0.46931250769147226
fated-guest,11.500554397229472,21.477881760621383,0.11419471949186816
slendercenturies,16.987594293200292,21.477881760621383,0.9527617821718775
briefrabbit,11.833879734979645,21.477881760621383,0.950784013889578
oblong@blessing,16.792606792959912,21.477881760621383,0.9510948415299432
stormy@claret,16.792606792959912,21.477881760621383,0.9506338096079127
polite-rice,11.859875686189136,21.477881760621383,0.9438980540935639
evanescent!inflammation,16.792606792959912,21.477881760621383,0.9500487606973095
plural-property,16.792606792959912,21.477881760621383,0.9439994867533955
mazy!saddle,16.792606792959912,21.477881760621383,0.9205639195236083
veal-flannel,11.588232532507403,21.477881760621383,0.24523903969958033
mimic@ruff,16.792606792959912,21.477881760621383,0.47715044627299347
able-meerschaum,17.18258179344068,21.477881760621383,0.4573484057738288
richest!firelight,16.792606792959912,21.477881760621383,0.9508683629874092
gigantickobold,16.792606792959912,21.477881760621383,0.014718374061255781
hind-doorscraper,11.526550792556172,21.477881760621383,0.23452362543202673
yearning!linen,11.721538292796554,21.477881760621383,0.4728886366429626
dazzling-carrier,11.526550792556172,21.477881760621383,0.46154522419695565
bound@bushels,15.015686954112704,21.477881760621383,0.06067588253906311
virtuous-mountains,15.07232862126014,21.477881760621383,0.9530853414956694
older!winter,16.792606792959912,21.477881760621383,0.060187821664312115
curious.diddle,16.792606792959912,21.477881760621383,0.9485520121452543
dolorous-palm,16.792606792959912,21.477881760621383,0.24172817302073796
meritorious-answers,16.792606792959912,21.477881760621383,0.948603425551671
gross-language,12.054854746877265,21.477881760621383,0.9447330981841504
futilepeers,11.721538292796554,21.477881760621383,0.9500892415013817
lordly-rabbits,11.526550792556172,21.477881760621383,0.9508870296545898
yonghy-lake,13.664489438305978,21.477881760621383,0.45406101919537156
wrong!shakspeare,17.371595324348647,21.477881760621383,0.9260491630323671
genuine!shell,11.488064878927528,21.477881760621383,0.2429309239198838
perplexing-gathering,16.930952626052857,21.477881760621383,0.9531473362949496
drunk-cave,11.695537899661659,21.477881760621383,0.9447822148795468
uncleananither,16.792606792959912,21.477881760621383,0.4617058931526376
undeveloped@glare,9.611285120616019,21.477881760621383,0.46952355386797
candid!brush,16.792606792959912,21.477881760621383,0.2334800617132795
unexpectedliberty,11.859875686189136,21.477881760621383,0.9506713980716243
utmost.mood,11.500554397229472,21.477881760621383,0.9450190218491642
photographic.quail,11.573282018051032,21.477881760621383,0.4695217728381075
accustomedostrich,9.611285120616019,21.477881760621383,0.9500783002106732
underdone.ryghte,17.125940126293244,21.477881760621383,0.45877578566338784
exhaustive.dirge,11.526550792556172,21.477881760621383,0.9507982432973312
gentle@death,12.150621405372423,21.477881760621383,0.24293125214077668
strange!ease,9.364000344044188,21.477881760621383,0.9530009172420097
forlorn.whole,13.583074317374809,21.477881760621383,0.23357495948377055
solidbuffet,16.792606792959912,21.477881760621383,0.2441574357892705
ancientfingers,16.856821818940706,21.477881760621383,0.9405860589904594
tail@shrimp,12.10300204010714,21.477881760621383,0.9515665955765881
obnoxious!marsh,11.695537899661659,21.477881760621383,0.913897494922344
imprudent!roll,12.274518435533702,21.477881760621383,0.951455451162985
judicious-ware,11.526550792556172,21.477881760621383,0.9530273657065165
periwinkle@apes,16.792606792959912,21.477881760621383,0.95277648072368
woefulmask,16.792606792959912,21.477881760621383,0.9332713709427907
third@print,16.930952626052857,21.477881760621383,0.9488370342550757
bountifulcrane,11.859875686189136,21.477881760621383,0.9206296021752465
prone!port,15.07232862126014,21.477881760621383,0.9297350566673629
grisly-burny,11.526550792556172,21.477881760621383,0.9264064651541205
half@amazement,11.711310469062642,21.477881760621383,0.11419398104155307
lovelit-idea,14.877341121019755,21.477881760621383,0.1199940260610227
obscure@pillar,11.526550792556172,21.477881760621383,0.9333739454092576
disjointed!shot,11.833879734979645,21.477881760621383,0.4537098456031691
hushedthrust,16.792606792959912,21.477881760621383,0.9444263800555727
sour@corkscrew,16.792606792959912,21.477881760621383,0.2432565063460036
immoderate!jargon,16.792606792959912,21.477881760621383,0.2335542529230795
uneasy@flashing,16.792606792959912,21.477881760621383,0.4693124831595371
threadbare!rooms,11.500554397229472,21.477881760621383,0.003785952147843549
long-week,9.33091621691244,21.477881760621383,0.9529409457215036
foolscap.artery,9.611285120616019,21.477881760621383,0.23520304738668998
ageing@beam,11.526550792556172,21.477881760621383,0.9524813659357255
ceremoniousgirl,12.223842742334927,21.477881760621383,0.4497929992542961
agedthoughts,16.88028492823784,21.477881760621383,0.9365007886782589
happy@earth,12.067045619713179,21.477881760621383,0.45137039210218327
mendacious.ochre,11.526550792556172,21.477881760621383,0.003795093465472193
perverse@liberty,11.859875686189136,21.477881760621383,0.2335214244972716
second!tusks,16.792606792959912,21.477881760621383,0.015021362566571852
lurid!mousy,16.792606792959912,21.477881760621383,0.9530036582434563
sublime.titmice,16.987594293200292,21.477881760621383,0.952498138149576
countlesscompliment,11.526550792556172,21.477881760621383,0.060311787981816134
distinguished-valley,12.300501505528516,21.477881760621383,0.46158887295165735
arctic!days,10.037671423109488,21.477881760621383,0.0018822766029664554
loathly!dominion,11.526550792556172,21.477881760621383,0.9507807879225042
ready!contemplation,16.856821818940706,21.477881760621383,0.06046969154733585
present@cutlets,12.38819651976285,21.477881760621383,0.9330950208291804
purple!querulous,16.843274490774927,21.477881760621383,0.45404667216679306
duller@spickle,16.792606792959912,21.477881760621383,0.4526887910311623
prone.spade,14.877341121019755,21.477881760621383,0.459925113337745
pensive.roast,11.833879734979645,21.477881760621383,0.24414954302140088
convivial@book,11.864765523343605,21.477881760621383,0.4526100646539056
crafty.berry,14.877341121019755,21.477881760621383,0.23535524832724827
toastedcontributor,15.07232862126014,21.477881760621383,0.23355555185182636
vast-epithets,12.128985553989411,21.477881760621383,0.9511128362252821
couldst.foaming,16.792606792959912,21.477881760621383,0.1132456754265138
dressy.fluid,16.792606792959912,21.477881760621383,0.4729197470058478
sorry@verrikwier,16.792606792959912,21.477881760621383,0.23347628397979842
difficult.dining,16.792606792959912,21.477881760621383,0.4753271557688588
pure.source,16.792606792959912,21.477881760621383,0.12072763042609516
dressy-deliberation,11.500554397229472,21.477881760621383,0.9260164609065462
impulsive.tongs,12.223834747084096,21.477881760621383,0.9499921694421684
melodious-quality,11.526550792556172,21.477881760621383,0.47505473748881505
incessant.sally,9.611285120616019,21.477881760621383,0.23446158651000065
literary-lead,11.526550792556172,21.477881760621383,0.9297066978914499
tender@blend,11.526550792556172,21.477881760621383,0.9513587842499851
scornful@steward,16.792606792959912,21.477881760621383,0.4587440413863405
malicious!beautifying,11.526550792556172,21.477881760621383,0.9296283079354496
renowned.storks,9.949501401565824,21.477881760621383,0.9505762939265171
surprised@districts,16.792606792959912,21.477881760621383,0.46001775387966926
alien!mitchy,16.792606792959912,21.477881760621383,0.44981382923126545
delusive.abstract,16.792606792959912,21.477881760621383,0.24400120246853407
best.crones,9.856940318671422,21.477881760621383,0.24414947143506427
syllabub@creature,16.792606792959912,21.477881760621383,0.475425697988419
desperatecups,16.792606792959912,21.477881760621383,0.9441910589767477
keenest!boosey,11.526550792556172,21.477881760621383,0.45725979194953603
thinner!theme,12.38819651976285,21.477881760621383,0.9204532245794171
hither!jugular,14.877341121019755,21.477881760621383,0.9334647770512884
sensational.doll,11.500554397229472,21.477881760621383,0.24440555021957658
barehills,12.495497445173049,21.477881760621383,0.45985642093730605
dismal@strand,16.792606792959912,21.477881760621383,0.9505908571130222
tame-guardian,16.792606792959912,21.477881760621383,0.47560882289755824
respective.cakes,16.792606792959912,21.477881760621383,0.23453881187846937
lacedmeat,16.792606792959912,21.477881760621383,0.23351628121572912
dusty.palm,16.792606792959912,21.477881760621383,0.9332695659328815
patient.jewels,17.125940126293244,21.477881760621383,0.06043177736283056
harshamber,16.792606792959912,21.477881760621383,0.9483070774713952
lovely-warmth,14.957677154187687,21.477881760621383,0.0037866488589038405
busy@illustration,11.813608301752865,21.477881760621383,0.24280762898888977
bewildered@slippers,16.930952626052857,21.477881760621383,0.9300133829310379
underdone-ache,16.792606792959912,21.477881760621383,0.4617760802655713
wily!heaving,16.792606792959912,21.477881760621383,0.45957771318082796
wild-orchestra,17.02943792056158,21.477881760621383,0.9404374044722063
certain!hopes,16.792606792959912,21.477881760621383,0.9488705797331239
judicious.buttons,12.054854746877265,21.477881760621383,0.24185848706245924
strict!gaze,11.622316020776225,21.477881760621383,0.23347900904175675
ridiculousproportions,16.792606792959912,21.477881760621383,0.9426768381030394
narrowscythe,11.526550792556172,21.477881760621383,0.47559448644237806
sensational@glare,11.526550792556172,21.477881760621383,0.4756040752328358
studious!shake,17.038261991015315,21.477881760621383,0.9504083407392047
wikkysnores,9.749630953708964,21.477881760621383,0.24303040923173835
plumdomphious@jujubes,15.21067445435309,21.477881760621383,0.0037633549977029086
subtlest-choice,16.792606792959912,21.477881760621383,0.2335222129009429
discordant-grandmother,16.792606792959912,21.477881760621383,0.11323674293892648
certainmussak,16.792606792959912,21.477881760621383,0.24523423308931058
tightsteeple,11.859884125889508,21.477881760621383,0.11223147853359662
placid.dines,12.054863186429516,21.477881760621383,0.9355217084121599
mouthed@question,11.833879734979645,21.477881760621383,0.2440012749415472
pert!pilgrimage,11.526550792556172,21.477881760621383,0.9300147588381898
steep-devonshire,16.792606792959912,21.477881760621383,0.4611718887962933
romantic@shallott,11.526550792556172,21.477881760621383,0.9505274735876621
lordlydoorway,11.500554397229472,21.477881760621383,0.9534346518952633
farther-hornpipes,14.965019256297689,21.477881760621383,0.9141754510717177
sumptuous!inhabitants,16.792606792959912,21.477881760621383,0.9453076795429725
waterproof-dungeons,16.792606792959912,21.477881760621383,0.24432524531180771
accustomedswaying,14.877341121019755,21.477881760621383,0.9529237548534614
pluralestguise,11.526550792556172,21.477881760621383,0.4573339946334603
weary@ripples,16.995167652033654,21.477881760621383,0.4756105783599746
oblong@grove,11.526550792556172,21.477881760621383,0.9415933924944744
movelessminute,11.737842075010636,21.477881760621383,0.9515442155516823
rugged.scraps,11.526550792556172,21.477881760621383,0.9397541704167932
dulcet-couple,16.792606792959912,21.477881760621383,0.4694655817240821
tyll.backs,14.877341121019755,21.477881760621383,0.9433642992897242
short-brotherly,16.849248460107347,21.477881760621383,0.4694720271709931
twin-johnny,16.792606792959912,21.477881760621383,0.9505572495534959
jumpy-treatment,14.877341121019755,21.477881760621383,0.9439839868831239
virulent@shrimpers,11.859884125889508,21.477881760621383,0.9529907372746151
conspicuouspepper,11.695537899661659,21.477881760621383,0.9531270920707102
offensivemincemeat,14.877341121019755,21.477881760621383,0.233046702347941
dressyduckling,16.792606792959912,21.477881760621383,0.45279610108418716
underground.orange,12.054854746877265,21.477881760621383,0.23324927432854722
mucilaginous@stiles,9.611285120616019,21.477881760621383,0.475329390314893
orbicularrace,9.780272227721506,21.477881760621383,0.9490274865190615
deep.hook,9.448015653626305,21.477881760621383,0.9441711429601921
sufficientcurry,16.792606792959912,21.477881760621383,0.2335222656398692
russian.waistcoat,12.300501505528516,21.477881760621383,0.9525109816209315
very.dilberry,14.063399646170431,21.477881760621383,0.9486532678968125
more-monkeys,14.38425698289447,21.477881760621383,0.2345294349629768
uncouth-heat,11.500554397229472,21.477881760621383,0.9444052099639628
uncommonly!kindness,16.792606792959912,21.477881760621383,0.24268068381407024
ungracious-lamp,12.193192140566063,21.477881760621383,0.12010497756345338
silvery-longing,16.856821818940706,21.477881760621383,0.9488582811148262
pleased@sailor,16.86673760007206,21.477881760621383,0.47260485887778425
happiest.topers,16.792606792959912,21.477881760621383,0.23351432220245774
upward-smear,16.792606792959912,21.477881760621383,0.9329552346988049
deep@circlets,14.38074676039708,21.477881760621383,0.4592549786314478
diaphanous.crowds,11.526550792556172,21.477881760621383,0.12005301034474963
perverse.strand,16.792606792959912,21.477881760621383,0.9527770158055742
loneliest@names,16.792606792959912,21.477881760621383,0.003770517711614595
fearsome!clothes,12.300501505528516,21.477881760621383,0.9452811669210311
passionate@surmise,11.526550792556172,21.477881760621383,0.11898333268617123
charnelthemes,16.792606792959912,21.477881760621383,0.4616101976466349
stiffpenny,12.054854746877265,21.477881760621383,0.45970587777406424
largemethinks,9.297130853162836,21.477881760621383,0.9403648093210637
conspicuous-soap,16.792606792959912,21.477881760621383,0.45642947242971094
poor-hint,9.944610014248981,21.477881760621383,0.9513074016604456
turbid.soldier,16.792606792959912,21.477881760621383,0.9503907218922275
botanical-ache,16.792606792959912,21.477881760621383,0.2344625309761815
joyful!scythes,16.792606792959912,21.477881760621383,0.9529143075133614
fiery!whim,11.526550792556172,21.477881760621383,0.24304038900782587
rugged@nails,17.125940126293244,21.477881760621383,0.4615366480242214
grateful@soul,12.362180580177045,21.477881760621383,0.9486990625982693
nearer-spells,17.125940126293244,21.477881760621383,0.9438945725139278
gromboolian.turkey,12.469505935774086,21.477881760621383,0.9452959536912808
crusty@phattfacia,16.792606792959912,21.477881760621383,0.24185158676086263
usual.victim,12.054854746877265,21.477881760621383,0.9510959556894969
rude-cannes,11.833887730562807,21.477881760621383,0.9505594802616881
keenest!beast,12.054854746877265,21.477881760621383,0.45992516096315367
woeful-tripe,11.526550792556172,21.477881760621383,0.2344388332532455
ladye!bagpipes,17.061725100312444,21.477881760621383,0.9530009631808233
bent@trowsers,14.610425114763403,21.477881760621383,0.02998828372826387
confidentialmood,11.500554397229472,21.477881760621383,0.9499043657230544
leafy.plans,16.792606792959912,21.477881760621383,0.45931062221949476
singlewoollen,14.877341121019755,21.477881760621383,0.9447859259358954
happy.bottlephorkia,16.930952626052857,21.477881760621383,0.4573042315516701
happier@titmice,16.792606792959912,21.477881760621383,0.2335143519119444
grombooliantack,17.320927626533628,21.477881760621383,0.9437960876220044
virtuous.illustrations,14.877341121019755,21.477881760621383,0.47711497075694975
fathomlesshiggeldipiggledy,16.792606792959912,21.477881760621383,0.9444059443741618
cloudless!granny,16.792606792959912,21.477881760621383,0.9438237599403915
utmost@disgust,11.859875686189136,21.477881760621383,0.9527509891175061
deep!courtesy,14.38074676039708,21.477881760621383,0.9521576405838715
especialkind,12.117004677802123,21.477881760621383,0.475597717236788
agonised!stout,11.558102282232623,21.477881760621383,0.9446775222179822
pancakysalads,11.526550792556172,21.477881760621383,0.1133962025998146
meritorious@ruins,16.792606792959912,21.477881760621383,0.9300152233204932
prepossessing!feelings,16.930952626052857,21.477881760621383,0.9364738653415683
weak@piggy,16.792606792959912,21.477881760621383,0.9425440118105715
meritorious.dishy,11.526550792556172,21.477881760621383,0.059595053877467705
scarce@charmer,14.52274697948547,21.477881760621383,0.12028968402776397
fruitagecritic,16.792606792959912,21.477881760621383,0.9204979923200234
roast@disorder,11.998221519282081,21.477881760621383,0.9529989665089955
spasmodic.moan,11.833879734979645,21.477881760621383,0.9504753498284517
alive-port,16.987594293200296,21.477881760621383,0.9529561120385777
similardismay,11.526550792556172,21.477881760621383,0.9405100537751471
annoyed.verse,16.792606792959912,21.477881760621383,0.9401473244078276
sonorous-pobble,17.18258179344068,21.477881760621383,0.12077123373045143
utmostwork,16.792606792959912,21.477881760621383,0.9351868025930398
petty!tassel,11.526550792556172,21.477881760621383,0.943320141175495
unnatural!waiter,11.526550792556172,21.477881760621383,0.469469826854737
queer-voice,12.30540047090248,21.477881760621383,0.11416282972753794
queenly.thread,11.500554397229472,21.477881760621383,0.9528577498433211
legged-conviction,16.792606792959912,21.477881760621383,0.2335543894204794
next-colleen,14.185759260156697,21.477881760621383,0.45775119966147215
extra!phrases,16.792606792959912,21.477881760621383,0.11272958621501081
underdone!pickling,11.526550792556172,21.477881760621383,0.0037859543821611875
multitude@setting,14.71773447972586,21.477881760621383,0.9364740078791427
bewildered!page,11.859875686189136,21.477881760621383,0.9364743765002694
mucilaginous-brown,9.898785480539596,21.477881760621383,0.06018462890918364
deluded!storks,11.864767073505979,21.477881760621383,0.9333095215684404
thin!wreath,12.828813899846185,21.477881760621383,0.4771147008763942
youngest@license,16.987594293200292,21.477881760621383,0.4537446453289771
rosewoodtokens,16.987594293200292,21.477881760621383,0.9349657575752207
pluralest.waters,12.193192140566063,21.477881760621383,0.45647914395692535
twisty-idols,14.877341121019755,21.477881760621383,0.47714966407980436
vast!streets,16.86673760007206,21.477881760621383,0.9202106713135283
square.swaying,16.792606792959912,21.477881760621383,0.24286426310001993
pink.tastes,17.075272428478225,21.477881760621383,0.9206167142324063
fatterinfants,16.792606792959912,21.477881760621383,0.953000872229576
mere.madness,16.792606792959912,21.477881760621383,0.45732851032559674
interestingthunders,16.792606792959912,21.477881760621383,0.9444071413776026
delicious-cupful,16.792606792959912,21.477881760621383,0.4492252046412235
quaint@jackdaw,9.611285120616019,21.477881760621383,0.9508525987500963
innocuous@churn,16.792606792959912,21.477881760621383,0.9453102646642181
mindless!reading,16.792606792959912,21.477881760621383,0.9297186364174869
uncouth.crowle,11.500554397229472,21.477881760621383,0.46148477444451613
tallest@malignity,11.526550792556172,21.477881760621383,0.45901639500877245
motionlesswedding,16.792606792959912,21.477881760621383,0.9486041947799642
graceful@tare,14.877341121019755,21.477881760621383,0.4601124205633101
willeby!scene,11.492192115470786,21.477881760621383,0.9433697281010889
intense@dominion,11.526550792556172,21.477881760621383,0.11999412514751127
smallest.saddel,16.792606792959912,21.477881760621383,0.4615545015851798
shiny-ribbon,16.792606792959912,21.477881760621383,0.9297307217594126
calico.tear,9.4153820860104,21.477881760621383,0.9291225558977846
tallest.posy,16.792606792959912,21.477881760621383,0.11899316918136803
hotter.horse,12.073017641414546,21.477881760621383,0.9447745379013468
perverse!pint,11.526550792556172,21.477881760621383,0.11324957083189773
pallid!crockery,17.125940126293244,21.477881760621383,0.059582647494395985
dearer-bull,11.500554397229472,21.477881760621383,0.952084879117617
sportive@toes,11.926118014916101,21.477881760621383,0.9500936870240694
unfathomable!rocket,11.526550792556172,21.477881760621383,0.9354576003363184
affectionate!place,11.83498647461923,21.477881760621383,0.9524870684830072
dead.strips,15.044841234529486,21.477881760621383,0.12072760034930032
friendly.home,12.85978285925937,21.477881760621383,0.1132263970898934
sanguinary.melancholy,11.82551759105219,21.477881760621383,0.9446699646136615
dusty.hark,12.193192140566063,21.477881760621383,0.11365529931352039
bespangled@property,16.792606792959912,21.477881760621383,0.9438948966792176
velvet@spickle,16.792606792959912,21.477881760621383,0.06046751585806307
dolomphious!shufflings,16.792606792959912,21.477881760621383,0.9511005761203667
propitious@shreds,11.859884125889508,21.477881760621383,0.9260526107708572
humblecigars,11.859875686189136,21.477881760621383,0.9499878836286322
melancholy-cough,16.987594293200292,21.477881760621383,0.914669245750767
soft!sympathies,14.877341121019755,21.477881760621383,0.9488588745984214
wrong.cares,12.105539323944909,21.477881760621383,0.45929853970575507
snaky-description,11.526550792556172,21.477881760621383,0.9401471108753072
inner@heaps,16.792606792959912,21.477881760621383,0.9425113454315106
solid-shore,11.84931413903382,21.477881760621383,0.1207387466969543
voluble-ducks,16.899916157922366,21.477881760621383,0.9529283633376122
toothsome-partners,16.792606792959912,21.477881760621383,0.24437930461093224
principal-looks,12.300493066272468,21.477881760621383,0.45406258935220906
calm-gallons,16.964131183903163,21.477881760621383,0.014974392763199453
gentle@spectre,12.526500156575537,21.477881760621383,0.23453889213952464
poor.side,9.84650516275823,21.477881760621383,0.9442213245726707
gramble@dressing,17.459273459626576,21.477881760621383,0.23352161205107405
stormy@break,17.038261991015315,21.477881760621383,0.9488555848311792
acquainted!snakes,16.792606792959912,21.477881760621383,0.23356755610608906
loveliest!pearl,11.859875686189136,21.477881760621383,0.4560855845072247
beatrice!pocket,14.32087641297566,21.477881760621383,0.9206450445955363
short.clothes,12.357143172675954,21.477881760621383,0.9297358234410799
midnight-meadow,15.07232862126014,21.477881760621383,0.4573009228625681
pleased-east,11.811972882122783,21.477881760621383,0.9505919264900444
irish-opsibeena,11.526550792556172,21.477881760621383,0.12005652514680513
unlikelyseraph,16.792606792959912,21.477881760621383,0.46147701899795324
dusky@omnibus,11.859875686189136,21.477881760621383,0.9498598729030414
moppsikonspeeding,16.792606792959912,21.477881760621383,0.9156034916132132
still.plumes,8.633475064057377,21.477881760621383,0.9489612324638821
lastplenty,14.354481912047873,21.477881760621383,0.4526097862951406
footed-pretence,11.526550792556172,21.477881760621383,0.45395252312083983
mysterious!dong,12.024807991568203,21.477881760621383,0.4589931459401457
squishy.seraph,14.877341121019755,21.477881760621383,0.9504090409402673
pitiful!information,16.792606792959912,21.477881760621383,0.23325090854826203
stiff.architect,11.526550792556172,21.477881760621383,0.9348730141586745
joyfulcellar,11.859875686189136,21.477881760621383,0.9489536590612992
sunless.drive,16.792606792959912,21.477881760621383,0.9259306532572934
richest-current,16.792606792959912,21.477881760621383,0.469546124405773
ceremonious.mercy,16.792606792959912,21.477881760621383,0.4599274033556115
deluded@father,12.320352943450347,21.477881760621383,0.4596526668627582
battered-ideas,17.125940126293244,21.477881760621383,0.4526771361415618
exhaustive@rout,16.792606792959912,21.477881760621383,0.11999488010205861
naughty!crones,9.611285120616019,21.477881760621383,0.9405074373551591
alight@perseverance,16.792606792959912,21.477881760621383,0.11999090299473471
lavish@endowment,11.526550792556172,21.477881760621383,0.9261304357800072
tiggory@periwinkle,16.792606792959912,21.477881760621383,0.9488622851255716
shrillbees,9.590015872714696,21.477881760621383,0.9364644687925927
straight!forms,14.52274697948547,21.477881760621383,0.45970145330386586
witchy.breezes,14.600137110103278,21.477881760621383,0.9532442399553365
attentiveinjunction,11.526550792556172,21.477881760621383,0.23445696014285994
particular!agony,11.737842075010636,21.477881760621383,0.9352371809227983
perpetual-anither,16.792606792959912,21.477881760621383,0.24185488360484303
holy@living,16.828245194265417,21.477881760621383,0.24510556242669868
cheap@seraph,17.125940126293244,21.477881760621383,0.24193832610685215
cleandainties,16.792606792959912,21.477881760621383,0.45279835325558554
greysatin,11.859875686189136,21.477881760621383,0.944729157279593
exhaustive-need,12.4622935695546,21.477881760621383,0.2344608239994218
merciful!cart,11.859875686189136,21.477881760621383,0.9530022475910227
vast-elves,11.934006493301283,21.477881760621383,0.4538075910910111
noble.lumber,11.526550792556172,21.477881760621383,0.9400788915948093
unflagging.sunshine,17.125940126293244,21.477881760621383,0.9529167422562858
waesome!artist,11.526550792556172,21.477881760621383,0.9327815568743322
affectionate-ball,16.792606792959912,21.477881760621383,0.9427487463112536
wily.clash,11.526550792556172,21.477881760621383,0.4615888409466703
troubled@thrills,11.526550792556172,21.477881760621383,0.46924725867322903
smaller.race,11.695537899661659,21.477881760621383,0.9291664891345682
gratified.martyr,14.877341121019755,21.477881760621383,0.9450025615696241
scarce!paste,9.67132528872593,21.477881760621383,0.9515385612448775
more@fish,9.513008405618265,21.477881760621383,0.47291617730022445
hearty-dialects,16.792606792959912,21.477881760621383,0.9510622473166693
puffy.chutney,11.526550792556172,21.477881760621383,0.4587076815369067
insipid@draught,11.695537899661659,21.477881760621383,0.9500833549058283
full-living,15.086706214364696,21.477881760621383,0.9482145516923111
chanklyleaves,12.630524852381846,21.477881760621383,0.9441909742436728
roman.crowds,11.526550792556172,21.477881760621383,0.9154797858199443
distressing@goreewallahs,16.792606792959912,21.477881760621383,0.9400365013890808
snug.stocks,16.792606792959912,21.477881760621383,0.9442121665170365
loveliestmaterial,16.792606792959912,21.477881760621383,0.9506882306902997
scroobious!incident,10.051927818911805,21.477881760621383,0.9294121739347984
diaphanous-whiz,11.526550792556172,21.477881760621383,0.9297326269146003
wisest-garden,12.102986049206693,21.477881760621383,0.4754421931881858
ocean@foretaste,16.987594293200292,21.477881760621383,0.9433763106943768
borascible@saint,11.526550792556172,21.477881760621383,0.9507662991078578
charminggovernor,17.125940126293244,21.477881760621383,0.9453081188628766
flagrant-fancy,11.94118510220037,21.477881760621383,0.4771294867588614
immoderate!parky,11.526550792556172,21.477881760621383,0.9438169734937523
tired-bump,11.688359734946253,21.477881760621383,0.060469915457060194
distasteful.pies,11.695537899661659,21.477881760621383,0.46936555092639093
crafty-eyelashes,14.877341121019755,21.477881760621383,0.0037882622561905962
trivial.packet,16.792606792959912,21.477881760621383,0.9503913877081485
bent@quicken,9.344369114359667,21.477881760621383,0.4575216564698632
emphatic-homes,16.792606792959912,21.477881760621383,0.9403766307555221
unintelligible@cakes,16.792606792959912,21.477881760621383,0.9297262476798124
advantageous.hook,11.859875686189136,21.477881760621383,0.944250874118274
eloquent.waistcoat,12.300501505528516,21.477881760621383,0.24293219383659628
worse-babe,15.12299631907516,21.477881760621383,0.9362866731302029
barbary@circle,11.859875686189136,21.477881760621383,0.9205629517738688
fleecyviolence,16.792606792959912,21.477881760621383,0.9206292813966122
easy.floppsikon,16.930952626052857,21.477881760621383,0.45606479374756165
rapt!jabber,16.792606792959912,21.477881760621383,0.9334654644641922
overbearing@burden,16.792606792959912,21.477881760621383,0.233377924057468
starlikegirls,12.67962715197918,21.477881760621383,0.9405853928556569
ethereal!mountains,16.987594293200296,21.477881760621383,0.0601928297713145
favorable.pharisees,11.526550792556172,21.477881760621383,0.06047177507740507
savage.sails,16.792606792959912,21.477881760621383,0.015254647435602358
good-speck,14.414548573806442,21.477881760621383,0.1195532695465143
more!tute,9.118200982490734,21.477881760621383,0.9489149463193982
latin.gown,11.833879734979645,21.477881760621383,0.45781847530130115
odiousblubber,11.526550792556172,21.477881760621383,0.11416251524928675
midnightchurch,15.07232862126014,21.477881760621383,0.940062734879092
appalling-signal,14.877341121019755,21.477881760621383,0.9507409901284986
dearerdisorder,11.859875686189136,21.477881760621383,0.9447848554354117
incipientforms,16.792606792959912,21.477881760621383,0.9513401131017751
matted-verses,16.792606792959912,21.477881760621383,0.12005952877807619
domestic@sadness,11.638900230322418,21.477881760621383,0.23445675703221158
soundest!shape,12.300493066272468,21.477881760621383,0.12071868605097823
blesteagle,9.585288725289317,21.477881760621383,0.9524849680917237
voluble-feast,11.82551759105219,21.477881760621383,0.9529705715226234
timid-barrel,16.792606792959912,21.477881760621383,0.9487781190964029
fruitless.waking,16.792606792959912,21.477881760621383,0.4695700590658021
virtuous-answering,9.944610014248981,21.477881760621383,0.060296603899829056
unable@robe,11.526550792556172,21.477881760621383,0.9260201867498243
swinish!curiosity,16.792606792959912,21.477881760621383,0.0018862190861771396
ruggedseas,16.792606792959912,21.477881760621383,0.45727325383397877
happierdisorder,11.859875686189136,21.477881760621383,0.45405189483118275
steadychap,11.859884125889508,21.477881760621383,0.9534142272499699
aimless@ingenuity,11.526550792556172,21.477881760621383,0.9506011497435719
satin-prices,16.792606792959912,21.477881760621383,0.9146600163816604
baleful!praise,12.193192140566063,21.477881760621383,0.9481521379141236
stiff-outfit,16.792606792959912,21.477881760621383,0.9531392598483293
snug.larks,16.792606792959912,21.477881760621383,0.9355266738589937
grey.vices,16.792606792959912,21.477881760621383,0.46952171019235317
cloudlesssalad,11.526550792556172,21.477881760621383,0.9482301087471169
wise@greed,11.772205990611575,21.477881760621383,0.23593123361744184
perfect.fate,11.695537899661659,21.477881760621383,0.24271841636702324
hither-etiquette,9.611285120616019,21.477881760621383,0.4754553599668565
sorry!notes,16.987594293200296,21.477881760621383,0.4527838800182638
eastern@seat,11.526550792556172,21.477881760621383,0.45876135149354946
literary!carpets,16.792606792959912,21.477881760621383,0.9507870589526125
topmostagent,16.792606792959912,21.477881760621383,0.9362872418870873
odiousteeth,16.792606792959912,21.477881760621383,0.12010007590014951
appalling@innocence,14.877341121019755,21.477881760621383,0.9297285829194548
sick!billows,16.930952626052857,21.477881760621383,0.23523706038963507
nautical!soup,12.462310447918595,21.477881760621383,0.45397948676860184
nosed!whale,11.821398212260862,21.477881760621383,0.9352002679969972
fated@cutlet,16.792606792959912,21.477881760621383,0.9297529782040376
fairest!expression,11.695537899661659,21.477881760621383,0.4538548396900538
happy.caverns,17.26428595938619,21.477881760621383,0.9442668745973871
inconsiderate-swell,16.792606792959912,21.477881760621383,0.9396449377266332
blestescape,9.611285120616019,21.477881760621383,0.9504619758595007
sore@shadow,12.633809521537994,21.477881760621383,0.9452767602340547
blamable!order,11.630535329298825,21.477881760621383,0.9404226121069842
bound@choice,15.015686954112704,21.477881760621383,0.9433765613524989
thinner-nonsense,17.320927626533628,21.477881760621383,0.9507319208485157
blest!questions,14.877341121019755,21.477881760621383,0.9512296983424691
savagefume,11.526550792556172,21.477881760621383,0.24525152926511676
advantageous.cause,12.054854746877265,21.477881760621383,0.9525536986063379
earlier-shake,17.038261991015315,21.477881760621383,0.23356328630054785
profoundspectre,12.462285130594742,21.477881760621383,0.9443788705771556
incessant!carp,9.611285120616019,21.477881760621383,0.4596478804554013
vexed.fields,11.921557870257576,21.477881760621383,0.9504733802785683
unpleasingimagining,11.526550792556172,21.477881760621383,0.95309219574108
frantic.candle,11.82551759105219,21.477881760621383,0.9503933306504782
still.burning,9.161779018378466,21.477881760621383,0.9513037469613367
sanguinary@flickering,16.792606792959912,21.477881760621383,0.4540473801305065
gosky!fashion,11.488064878927528,21.477881760621383,0.45405183888373096
trustfulproblem,16.792606792959912,21.477881760621383,0.23442535809631143
gentler-dragon,16.792606792959912,21.477881760621383,0.015322506424186904
angry@lack,14.568581487402119,21.477881760621383,0.9447914078993029
suppleconcern,11.526550792556172,21.477881760621383,0.9442205417944483
deadly-woking,11.500554397229472,21.477881760621383,0.9260442805484818
crimson!necklace,16.792606792959912,21.477881760621383,0.9156552492019825
reckless.foot,12.054854746877265,21.477881760621383,0.9442998707344435
fourth@taste,11.695537899661659,21.477881760621383,0.24510677199533779
idle-kamschatka,11.500554397229472,21.477881760621383,0.9300165106113262
underground.jewels,17.125940126293244,21.477881760621383,0.23446025335511034
tiggory-frog,12.102990046881956,21.477881760621383,0.9260135829838957
passive-children,12.761268516296612,21.477881760621383,0.9438737643794378
delicate-rhinoceros,16.792606792959912,21.477881760621383,0.4535167453491344
nosed@conclusion,11.859884125889508,21.477881760621383,0.929418940348
fashioned.wile,11.526550792556172,21.477881760621383,0.9203362990707438
scarce-lace,9.256690979081734,21.477881760621383,0.12068934172506939
heavenly!blot,11.526550792556172,21.477881760621383,0.952562398907788
more-half,10.410194071286442,21.477881760621383,0.4526668870460224
multitude!oration,9.45167847932212,21.477881760621383,0.24412988136055216
favourite!gulf,16.792606792959912,21.477881760621383,0.9205102974261485
heavenward.brown,11.81405115247975,21.477881760621383,0.1122063225749238
restless.meerschaum,16.792606792959912,21.477881760621383,0.06047178406659695
amusing-chimney,16.792606792959912,21.477881760621383,0.11220462075762225
grisly-moments,16.792606792959912,21.477881760621383,0.015035024082751515
hungry@o’erthrown,11.526550792556172,21.477881760621383,0.9507326331446333
lofty!mice,12.378279016261873,21.477881760621383,0.9489964774951107
very.birdlings,14.063399646170431,21.477881760621383,0.4616757137335013
unflagging.orient,16.792606792959912,21.477881760621383,0.459939761365819
fevered.haunts,17.069298459145802,21.477881760621383,0.9205122316453249
tender.oysters,12.054854746877265,21.477881760621383,0.243049463515754
dangerous!whispers,16.792606792959912,21.477881760621383,0.4565438279585546
purpledicular!grandfathers,16.792606792959912,21.477881760621383,0.11325471266866288
past!message,17.084096498931956,21.477881760621383,0.932957896515852
peculiar.turkey,11.94118510220037,21.477881760621383,0.4616121505227222
congenial.bushes,11.526550792556172,21.477881760621383,0.9507729769666557
mellow.needs,16.792606792959912,21.477881760621383,0.014980350705581753
weary-process,12.364708092253265,21.477881760621383,0.11223391805702818
starlikerespect,12.054854746877265,21.477881760621383,0.9452414906721254
innocuous.justice,16.792606792959912,21.477881760621383,0.23324727177366192
fidgety@posteses,16.792606792959912,21.477881760621383,0.47551828899058385
constant@methinks,11.500554397229472,21.477881760621383,0.9260143001888376
several.stout,9.642836610292466,21.477881760621383,0.9354946689542095
worst!brute,12.054854746877265,21.477881760621383,0.2433488260453242
ungracious@phrases,16.792606792959912,21.477881760621383,0.950690820231768
lower-tripe,11.526550792556172,21.477881760621383,0.9529588449185703
orbicular-defence,9.611285120616019,21.477881760621383,0.9452959501285195
hasty-qualities,16.792606792959912,21.477881760621383,0.23351408675448115
central!exception,16.792606792959912,21.477881760621383,0.9440041293964243
livelykerchief,9.732141813744253,21.477881760621383,0.11999506241321241
cloudy.fluffs,11.526550792556172,21.477881760621383,0.4588401661326524
oblong@jaws,11.500554397229472,21.477881760621383,0.9298430446987359
toasted!snail,10.139597514489365,21.477881760621383,0.45994635285211005
unblenching@introductory,11.526550792556172,21.477881760621383,0.4693502856191753
dolomphious@shoe,16.792606792959912,21.477881760621383,0.4490498215390819
interested!nectar,11.526550792556172,21.477881760621383,0.24291389866149618
sumptuous-barrow,16.792606792959912,21.477881760621383,0.9400788264845182
harmoniousprocess,10.385227394332313,21.477881760621383,0.9401379966894018
small@sauce,9.985050332447292,21.477881760621383,0.45939478816538226
woollyspectacles,9.611285120616019,21.477881760621383,0.9297349267495766
impulsive@corridor,16.792606792959912,21.477881760621383,0.935220547517445
bored!needs,16.792606792959912,21.477881760621383,0.12076043627204083
wooden.stupenda,11.526550792556172,21.477881760621383,0.4615687726774988
curious-screamings,16.792606792959912,21.477881760621383,0.9500728693190456
bespangled@quittedst,16.792606792959912,21.477881760621383,0.24439656515576028
undoubted@room,11.715414787180386,21.477881760621383,0.9529873170717509
clangel!attitude,9.611285120616019,21.477881760621383,0.9438340890799033
welcome.beasts,16.792606792959912,21.477881760621383,0.9330964300754597
first!dark,9.554774788906709,21.477881760621383,0.4756106357408607
laced@pilgrimage,11.526550792556172,21.477881760621383,0.4539799509342648
right!lettuce,10.927087116963863,21.477881760621383,0.4537093290594474
reverent@tribe,16.792606792959912,21.477881760621383,0.9349618293639157
crystal-buns,9.611285120616019,21.477881760621383,0.9521664202327293
enough@string,12.300509944932665,21.477881760621383,0.45930750469301423
offensive.pits,14.877341121019755,21.477881760621383,0.11364939143666024
less.spades,10.051919379211435,21.477881760621383,0.23537357636721568
clammy!proportions,14.877341121019755,21.477881760621383,0.23356141197058664
semi-sweets,17.125940126293244,21.477881760621383,0.9447924458172015
gold-crumpetty,15.951471928131904,21.477881760621383,0.45944647801011385
mellow!animals,16.792606792959912,21.477881760621383,0.23536901037047286
sublime!raspberry,16.987594293200292,21.477881760621383,0.9146536822750413
sleek-shame,11.526550792556172,21.477881760621383,0.4594463005762568
acquaintedborders,16.792606792959912,21.477881760621383,0.2335675561047834
aimless-floppsikon,16.792606792959912,21.477881760621383,0.44974309522598993
stately@robe,9.611285120616019,21.477881760621383,0.9521762920193877
uncommon@verses,16.792606792959912,21.477881760621383,0.4693129058891321
dolomphious!roots,11.526550792556172,21.477881760621383,0.23356101438992374
similar@sally,11.526550792556172,21.477881760621383,0.06058953751745164
midmost-dove,11.488064878927528,21.477881760621383,0.46938239799152554
arctic!tower,9.57692644353063,21.477881760621383,0.9266559809011405
himmeltanious!nobility,11.526550792556172,21.477881760621383,0.4484284295554612
eldesttravellers,17.320927626533628,21.477881760621383,0.11325039757405009
renowned@cutlets,10.277943347582314,21.477881760621383,0.24440548670332463
single-squint,9.611285120616019,21.477881760621383,0.11271873673546294
ladye!gazers,17.061725100312444,21.477881760621383,0.9529946106272025
burnt.pair,17.459273459626576,21.477881760621383,0.2426709869041159
photographic!tick,12.300509944932665,21.477881760621383,0.944719090634234
tempestuous!cessation,11.526550792556172,21.477881760621383,0.4599220977370426
furious@felicity,11.526550792556172,21.477881760621383,0.4588040419164801
wily-side,11.761770834698384,21.477881760621383,0.47298861978681866
nigh!copper,17.233249491255695,21.477881760621383,0.2334647852304396
floppy-scream,12.55719206656871,21.477881760621383,0.9489533673195971
fierce.excelsior,16.792606792959912,21.477881760621383,0.9297358306875151
sharp@garments,17.459273459626576,21.477881760621383,0.932948768286439
fearless.humans,16.792606792959912,21.477881760621383,0.0037649542116166643
fatter-whiteness,16.792606792959912,21.477881760621383,0.9256163845769514
stately-whim,9.611285120616019,21.477881760621383,0.11223342742639797
bodied!mattress,16.792606792959912,21.477881760621383,0.9510930046993242
squishyboots,15.12299631907516,21.477881760621383,0.4565537762087145
drear-performance,16.792606792959912,21.477881760621383,0.0601780938374062
wholesale!embark,11.859875686189136,21.477881760621383,0.9442508762411577
passébanner,16.792606792959912,21.477881760621383,0.4578091811422489
batedcantab,11.500554397229472,21.477881760621383,0.9507214280093034
nasty-guest,11.500554397229472,21.477881760621383,0.9534215105412677
handylambs,16.792606792959912,21.477881760621383,0.46180587363506775
loneliesttoes,11.592784681582765,21.477881760621383,0.9483390368459433
wooden.author,16.792606792959912,21.477881760621383,0.9260164552152468
plumdomphious@trolls,14.877341121019755,21.477881760621383,0.9507892007537511
calm!twilight,16.964131183903163,21.477881760621383,0.11325627997657425
foolscap!quake,9.611285120616019,21.477881760621383,0.9490062910527517
bare@turnips,16.987594293200292,21.477881760621383,0.2450844471244946
sure.reverse,17.125940126293244,21.477881760621383,0.9533815800917084
eclectic-commemoration,16.792606792959912,21.477881760621383,0.47291990182123
honest.snakes,16.792606792959912,21.477881760621383,0.1195535515211775
warm.wind,12.57466521563297,21.477881760621383,0.45274793279342473
legged@boot,11.526550792556172,21.477881760621383,0.9512295963923515
eighth!tumult,16.792606792959912,21.477881760621383,0.2345278303334839
plausible-wind,12.102986049206693,21.477881760621383,0.9529088793685351
upsetting!problem,16.792606792959912,21.477881760621383,0.9291612065773833
elastic-cloth,11.833879734979645,21.477881760621383,0.929654101223603
distressing@surds,11.526550792556172,21.477881760621383,0.9297534020976165
lurid-chace,16.792606792959912,21.477881760621383,0.23334323322595388
severe.pink,11.878032088805217,21.477881760621383,0.23307263110952292
nasty.replies,11.500554397229472,21.477881760621383,0.4615561376396099
fleeting.raspberries,16.792606792959912,21.477881760621383,0.9397217438447081
tropical-boots,17.038261991015315,21.477881760621383,0.24286327329904908
welcome-tare,16.792606792959912,21.477881760621383,0.4497289748804216
interested!peri,11.526550792556172,21.477881760621383,0.9365009905808872
inland.council,16.792606792959912,21.477881760621383,0.9515174133841322
jumbly@knyghte,12.462327326875,21.477881760621383,0.46000355023349815
plural!tusks,16.792606792959912,21.477881760621383,0.9531276189488314
pitiful!work,16.792606792959912,21.477881760621383,0.944329336278596
weepest.themes,17.125940126293244,21.477881760621383,0.9531561433008203
vain!unrest,17.02608669900694,21.477881760621383,0.44980601662109443
chippy-sealing,15.051067813059193,21.477881760621383,0.23440923072900344
loud!jewels,17.320927626533628,21.477881760621383,0.46003439498747917
round.accordion,14.96338967778126,21.477881760621383,0.059617169280293265
towering!muse,16.792606792959912,21.477881760621383,0.9505907345620537
furious!etiquette,11.526550792556172,21.477881760621383,0.23452967266266622
studious-socks,11.526550792556172,21.477881760621383,0.24334867544148645
shinyexpressions,11.500554397229472,21.477881760621383,0.9487729845570666
promiscuous.tilly,16.792606792959912,21.477881760621383,0.44921772089600687
fatal@forks,16.792606792959912,21.477881760621383,0.4538648643007328
upsetting.goings,16.792606792959912,21.477881760621383,0.95253214757639
expansive.soul,12.362180580177045,21.477881760621383,0.23352385593402294
ferocious.wrens,14.877341121019755,21.477881760621383,0.44920772557778604
complacentburny,11.526550792556172,21.477881760621383,0.47549482209762334
uncertain.bells,16.792606792959912,21.477881760621383,0.469312697996501
unfortunate.brooch,11.859875686189136,21.477881760621383,0.4751140862217286
candidchimp,16.792606792959912,21.477881760621383,0.4750776259957219
slimoddgrow,17.125940126293244,21.477881760621383,0.9364813816733798
agonised-bibbons,16.792606792959912,21.477881760621383,0.23445669101338393
thankfulmonkey,16.792606792959912,21.477881760621383,0.9503948499407503
boundlessepsom,16.792606792959912,21.477881760621383,0.23352193765080598
constant!fellow,11.500554397229472,21.477881760621383,0.4754954946225965
wild@throats,17.02943792056158,21.477881760621383,0.9505579313241264
cold@twinkling,15.142829989658045,21.477881760621383,0.4527814419934883
contemptuous@bone,11.483972762561114,21.477881760621383,0.9507874097885254
high@dilberry,14.44988412067874,21.477881760621383,0.45569928249336017
keen@past,11.775456031364417,21.477881760621383,0.47712692122849226
behold@spark,9.606330713879787,21.477881760621383,0.23445679599885963
little.button,8.939619081879249,21.477881760621383,0.9146968731970028
balefulfibs,11.526550792556172,21.477881760621383,0.46154108169686076
tumultuous@teeth,14.877341121019755,21.477881760621383,0.24413274082885045
giddysweep,6.927136140162322,21.477881760621383,0.23357056814865815
barren-twirly,16.792606792959912,21.477881760621383,0.4599367109688712
wise.reverse,17.038261991015315,21.477881760621383,0.9527662256038627
thirsty.shake,17.038261991015315,21.477881760621383,0.24417742834984293
topmost@science,16.792606792959912,21.477881760621383,0.4693341591317834
unresisting@embrace,11.526550792556172,21.477881760621383,0.9450063392979166
boundless!school,11.737842075010636,21.477881760621383,0.4589915933124256
loveliest.heel,11.859875686189136,21.477881760621383,0.11418502951318651
unbeguiled.notice,16.792606792959912,21.477881760621383,0.9442672333243293
sincere.mill,11.488064878927528,21.477881760621383,0.9452959681598853
lovely.legs,10.086429344163092,21.477881760621383,0.4615155688206543
aware.jujubes,17.320927626533628,21.477881760621383,0.9300105014342516
fierydown,12.073823872371293,21.477881760621383,0.9481536271639233
ghostly!ocean,11.82551759105219,21.477881760621383,0.9265294684649311
funny.shaft,14.768402177540874,21.477881760621383,0.9489907243414001
lone@glimpses,16.792606792959912,21.477881760621383,0.9528069751338585
velvet@fringing,16.792606792959912,21.477881760621383,0.9300146612887934
cold-ribbon,15.142829989658045,21.477881760621383,0.9508992526995265
