moresimultaneousopportunity,10.826187180645748,30.009263221137697,0.4565514174461793
most!interesting!travels,12.179883813135836,30.009263221137697,0.9294115086573213
veryshortperiod,5.001727520388531,30.009263221137697,0.4618055137954344
most-dreadful-frog,8.393263875167237,30.009263221137697,0.9451307838263068
horribly!ploshkin!chops,13.339671892245784,30.009263221137697,0.45955116273696034
verylongtail,5.524305427791805,30.009263221137697,0.9300138711459822
lovingly.twikky.rabbit,11.160551384906602,30.009263221137697,0.9531540463770334
most.dreadful.storm,4.851998656327579,30.009263221137697,0.45991606887697684
most.dreadful.storm,4.851998656327579,30.009263221137697,0.45991606887697684
very.innocent.tail,10.802734420835959,30.009263221137697,0.9442618672559873
where@valuable@man,11.057541430607284,30.009263221137697,0.9528045899752001
very.short.head,8.018594027368117,30.009263221137697,0.24267299016882504
very.bad.time,8.646231284072066,30.009263221137697,0.014943554648238908
sweetlylowernee,12.612952241699803,30.009263221137697,0.9438739235735774
so!tight!eyes,7.819744001175474,30.009263221137697,0.9266225186679271
so.gentle.girls,8.493269213148514,30.009263221137697,0.4614929228409269
wheredarkid,13.41398796346484,30.009263221137697,0.2451933001404915
most!dreadful!leap,8.210928104647623,30.009263221137697,0.23337846274665766
very.hungry.south,10.566046881607694,30.009263221137697,0.24185221509122853
most!dreadful!velocity,4.963186857873745,30.009263221137697,0.23520137750462622
most-satin-egg,11.22820961779932,30.009263221137697,0.45654832466449025
quite-hot-hands,8.939085178652826,30.009263221137697,0.4617061896880496
verystrongtail,8.2491356662948,30.009263221137697,0.23453879016286577
verytailone,11.825745110931404,30.009263221137697,0.23445811859937085
particularlydemeanorviolet,13.259165882572052,30.009263221137697,0.4695239729134229
dreadfully!high!xerxes,7.457518270664526,30.009263221137697,0.9500715093216768
perfectlywearyfrogs,15.472572858383101,30.009263221137697,0.9260520244804115
most.unpleasant.people,5.837915875742127,30.009263221137697,0.46149288721221915
very@short@being,8.497898774270473,30.009263221137697,0.45876172002627397
severelysunkenadvice,16.581991538497633,30.009263221137697,0.9444046629698195
once@more@violet,8.279795054491466,30.009263221137697,0.9146950504353247
most.dreadful.bane,7.960934434422901,30.009263221137697,0.11325758859865809
so@large@knight,11.579669876454316,30.009263221137697,0.24417719748101196
very@short@tail,4.822689797380954,30.009263221137697,0.4577539966504854
mostunpleasantlydream,8.638802417028943,30.009263221137697,0.24293195258194455
nomoreeyes,7.40975932723655,30.009263221137697,0.46168656815602765
so!young!girl,5.868071000953643,30.009263221137697,0.9332686691385653
extremelylargewax,11.729843903159379,30.009263221137697,0.9442674487299664
really-bare-di,15.291782909722807,30.009263221137697,0.9332715875330313
very!slender!feathers,11.140245407478918,30.009263221137697,0.9534043656175804
very!long!tail,5.524305427791805,30.009263221137697,0.44967657084740237
sometimes@little@men,6.061171196340844,30.009263221137697,0.45569502463564104
back-white-grave,12.31042314025435,30.009263221137697,0.23440625221775777
still-silvery-hair,10.726097665850892,30.009263221137697,0.46938171487068975
no!longer!hearts,7.938623050324272,30.009263221137697,0.9450189651547837
more.little.eye,11.007507793331616,30.009263221137697,0.23357339666255422
where!cheerful!embers,14.056451865547576,30.009263221137697,0.9503939242601604
so.dear.head,4.866062929009699,30.009263221137697,0.456085893434306
wholly.unflagging.sound,12.882451839958836,30.009263221137697,0.24413258922571213
veryshorttail,4.822689797380954,30.009263221137697,0.9442555416472014
together.certain.diddle,14.912435152050998,30.009263221137697,0.4594024104640192
most.unpleasant.morning,12.179883813135836,30.009263221137697,0.23442330221961238
extremely.short.time,8.387241811671807,30.009263221137697,0.9507143714972538
utterly@wikky@exception,16.685750913317342,30.009263221137697,0.9300172933465579
verylargerats,5.447675115654153,30.009263221137697,0.2351563825635414
where-lieth-self,14.160211240367286,30.009263221137697,0.953452162391828
most-dreadful-velocity,4.963186857873745,30.009263221137697,0.45944682316489904
loathly.sadder.brute,13.028677503935647,30.009263221137697,0.4611719180404121
very-red-tail,11.038588538744369,30.009263221137697,0.457749348972183
queenly@ethereal@mazes,12.632449538194829,30.009263221137697,0.4695368400494702
where!sighty!glass,14.136933889269416,30.009263221137697,0.45983990044491063
very!long!tail,5.524305427791805,30.009263221137697,0.44967657084740237
slightly!primaeval!motion,8.657138530077985,30.009263221137697,0.9529881548150618
very-kind-guest,10.850422762545177,30.009263221137697,0.9506808456380985
most.dreadful.storm,4.851998656327579,30.009263221137697,0.45991606887697684
very!long!tail,5.524305427791805,30.009263221137697,0.44967657084740237
most!dreadful!mayor,8.357162400163718,30.009263221137697,0.4577435540550122
very-easy-thing,4.653541320128596,30.009263221137697,0.9363159448109333
extremelylargetalk,8.033961788329115,30.009263221137697,0.45901658618093283
very.strong.place,8.263272185108852,30.009263221137697,0.9506947795872784
very.large.tail,8.029622055473334,30.009263221137697,0.4576975976847459
most-dreadful-people,9.121822531893981,30.009263221137697,0.9526673271009558
most-dreadful-velocity,4.963186857873745,30.009263221137697,0.45944682316489904
no.more.i’ll,7.901226681055686,30.009263221137697,0.9485538252974749
extremelywellshoes,7.91297325368284,30.009263221137697,0.45875757894523056
where.louder.pumpkins,14.556451865547576,30.009263221137697,0.2433394756153788
slowly.pale.variaziòni,11.095587268399902,30.009263221137697,0.939998292796952
so-awful-room,7.490904430418333,30.009263221137697,0.9329636098540156
so@short@reward,13.748217735597509,30.009263221137697,0.9401519136173851
sometimes.little.heap,9.797955381747325,30.009263221137697,0.9449733739325321
veryshortone,8.739688688539394,30.009263221137697,0.9291513610368508
slightlyprimaevalmotion,8.657138530077985,30.009263221137697,0.44973443127182966
comfortably.olympian.trespassing,12.632449538194829,30.009263221137697,0.0037510197438671527
very-long-tail,5.524305427791805,30.009263221137697,0.4497406337583101
simply@bonghy@boards,17.55871418739976,30.009263221137697,0.23453911894645935
verysimplerule,4.8128618206694265,30.009263221137697,0.9529339774085286
verylongtail,5.524305427791805,30.009263221137697,0.9300138711459822
verybadone,5.7188070042822545,30.009263221137697,0.9515020900294499
entirely.cold.brow,12.846921004440535,30.009263221137697,0.9527659748733751
so!awful!answers,11.298798434752982,30.009263221137697,0.4573343635220733
very!slender!tone,10.843653575622465,30.009263221137697,0.4611016642769686
very.long.tail,5.524305427791805,30.009263221137697,0.44974317768007965
mostdreadfulstorm,4.851998656327579,30.009263221137697,0.4597834671021337
mostdreadfulstreet,8.113239413734469,30.009263221137697,0.23446124718670566
so!shiny!joy,7.834224623422981,30.009263221137697,0.4617953866512052
more.gentle.tide,10.96499381195358,30.009263221137697,0.1132562921900731
waddly@easier@sae,12.026431672869485,30.009263221137697,0.9529167422778954
so.long.rest,7.320724145038778,30.009263221137697,0.9530007479968557
very.long.tail,5.524305427791805,30.009263221137697,0.44974317768007965
very@long@tail,5.524305427791805,30.009263221137697,0.4487300955771359
as.many.night,7.846456115987866,30.009263221137697,0.2428500265510017
hoarsely.dolorum.blossoms,16.581991538497633,30.009263221137697,0.9529825795185842
very-glorious-deed,10.712284508431834,30.009263221137697,0.47714897543009954
very!short!tail,4.822689797380954,30.009263221137697,0.45775399871453826
slightly-primaeval-motion,8.657138530077985,30.009263221137697,0.9534177513984019
far@long@hill,10.844486504156118,30.009263221137697,0.06029253517408566
simply@tinged@sae,13.609121552004888,30.009263221137697,0.9500889731646309
most@dreadful@sound,8.210936736186907,30.009263221137697,0.06025027932393936
most@sonorous@poet,11.289191679807747,30.009263221137697,0.9206178785151912
very.long.tail,5.524305427791805,30.009263221137697,0.44974317768007965
quiteeasyspectre,11.541983741257487,30.009263221137697,0.2443151873023567
surely!bitter!tears,11.261196894904762,30.009263221137697,0.12000582362213567
very.inferior.pie,10.600898992869707,30.009263221137697,0.06047440458432267
sweetly!reverent!grow,13.106662850727824,30.009263221137697,0.47289248216789276
stealthily@attentive@breath,11.481666423637044,30.009263221137697,0.9451261856145848
too.long.shawl,5.495487105992301,30.009263221137697,0.9440086523730059
unpleasantlylovelymoans,11.230483301301621,30.009263221137697,0.9364945174053136
remarkably.shadow.beak,16.71063483170507,30.009263221137697,0.9507778301684389
carelessly.old.man,9.903850154050941,30.009263221137697,0.9261281907211034
slightly!blue!stripe,14.143408838632899,30.009263221137697,0.24190010737719997
perfectly@few@color,12.115584648199905,30.009263221137697,0.11897945575166496
slightly!hummy!accent,16.581991538497633,30.009263221137697,0.9442505479116435
very.long.tail,5.524305427791805,30.009263221137697,0.44974317768007965
very-pound-time,11.199830038613229,30.009263221137697,0.469312874267099
moregreedylocks,11.349153144748291,30.009263221137697,0.2345249948184158
very-long-tail,5.524305427791805,30.009263221137697,0.4497406337583101
so@pale@give,10.850231490682779,30.009263221137697,0.03007173998872159
certainly@wrong@plea,13.62765167781191,30.009263221137697,0.475445711701877
very@glorious@period,10.981772143843537,30.009263221137697,0.12029100620778665
so.much.pudding,8.035792058033406,30.009263221137697,0.9332663886470756
very-long-room,8.3559315220438,30.009263221137697,0.45655543740515997
morelittlegirls,9.243548115338927,30.009263221137697,0.11348891177250985
most@keepest@jones,11.564202113336842,30.009263221137697,0.9507316880257564
extremely!wicked!boys,3.953902613567726,30.009263221137697,0.9401489585792061
veryshorttail,4.822689797380954,30.009263221137697,0.9442555416472014
veryshorttail,4.822689797380954,30.009263221137697,0.9442555416472014
so-large-doth,8.818685213627557,30.009263221137697,0.9531356669205102
very-fine-cigar,8.33010036327188,30.009263221137697,0.9515168274914789
scarcely.human.toes,9.31303965994919,30.009263221137697,0.4562207737003989
most-dreadful-wreath,8.60714974116857,30.009263221137697,0.9502500474506496
wherelittlelambs,11.878200020425965,30.009263221137697,0.12000582538540326
always-twisty-hens,15.145542284542516,30.009263221137697,0.9529948790851922
more!sweet!locks,11.394296206158746,30.009263221137697,0.11999090731164914
most!dreadful!light,8.17474301654935,30.009263221137697,0.9512390668877416
gravely-merry-time,9.877650103689755,30.009263221137697,0.4536908583264019
livelyyounglady,8.954233938160641,30.009263221137697,0.9333922994939612
quite!pink!gingerbread,14.897964839850392,30.009263221137697,0.9397312969786438
most.unpleasant.people,5.837915875742127,30.009263221137697,0.46149288721221915
unpleasantly!gray!picture,12.502108233769993,30.009263221137697,0.47551007078663743
most!horrible!curtains,11.22820961779932,30.009263221137697,0.9405796020753532
very!tail!one,11.825745110931404,30.009263221137697,0.47711470738434536
onlylargedelights,14.68983674749193,30.009263221137697,0.9146606665800707
mostdreadfulstorm,4.851998656327579,30.009263221137697,0.4597834671021337
very@bad@fills,11.981487423864362,30.009263221137697,0.05957627515435372
where.desperate.wretches,14.056451865547576,30.009263221137697,0.23452828944157372
down@next@ground,11.34568981368355,30.009263221137697,0.9506659801389608
perfectly!round!body,6.132800385792353,30.009263221137697,0.24417499358608957
uneasilypalexerxes,12.864125064970438,30.009263221137697,0.47552818768238836
hitherto!fancy!love,12.987816685988475,30.009263221137697,0.9398519427059926
most@dreadful@hours,8.24597820303444,30.009263221137697,0.9364374401558797
more.melancholy.frog,11.404757246570373,30.009263221137697,0.015331784600923881
previously-muslin-appetite,11.170231276425673,30.009263221137697,0.44921433521963483
most.dreadful.velocity,4.963186857873745,30.009263221137697,0.23356622503123065
faintly.old.man,9.903850154050941,30.009263221137697,0.9403813018992735
where.washerwomen.lip,11.649169639540533,30.009263221137697,0.9513019066510944
purely.old.man,9.903850154050941,30.009263221137697,0.9438550215741476
respectively!wikky!wild,11.547416260844503,30.009263221137697,0.44967504689635657
suddenly!floppy!childhood,17.228232163677923,30.009263221137697,0.9534641867430967
somewhatwearything,13.021251997732666,30.009263221137697,0.9156038529679761
very-short-coat,7.828749478302156,30.009263221137697,0.9347414601654165
unawares.hard.night,12.940660156495204,30.009263221137697,0.9154501196273641
very@long@tail,5.524305427791805,30.009263221137697,0.4487300955771359
sweetly!several!city,13.382436878755357,30.009263221137697,0.4598650529066518
alas.larger.sire,11.160551384906602,30.009263221137697,0.9451265024187939
most-satisfactory-tops,12.179883813135836,30.009263221137697,0.23351608479399663
most-burnt-being,11.671028860800252,30.009263221137697,0.11901445810895915
most.unpleasant.people,5.837915875742127,30.009263221137697,0.46149288721221915
moremorepain,11.173908920004266,30.009263221137697,0.9500626005870261
too-gay-leaves,8.516827602131869,30.009263221137697,0.45645813033325155
very.tobacco.men,11.078527924620849,30.009263221137697,0.23446236763987693
faintly!merry!rain,12.601740518494294,30.009263221137697,0.9442001068042556
sometimes!lang!cheese,11.618970197309523,30.009263221137697,0.9146737493358269
onlyprettystring,11.08669551087409,30.009263221137697,0.9294129872184067
very-dark-room,5.473937500264692,30.009263221137697,0.9257850956177704
very!loud!voice,7.932107015432804,30.009263221137697,0.45781594528891667
very-short-tail,4.822689797380954,30.009263221137697,0.4577539979938305
somanytibbets,11.685214768585034,30.009263221137697,0.935199582586582
very-long-tail,5.524305427791805,30.009263221137697,0.4497406337583101
very!easy!thou,9.104672634931395,30.009263221137697,0.46946485435265867
very@long@tail,5.524305427791805,30.009263221137697,0.4487300955771359
course-more-days,10.692290163159925,30.009263221137697,0.952998597090807
entirely!tiggory!fishes,12.976133376259355,30.009263221137697,0.9508887020155826
ever.ill.seek,14.78055709491668,30.009263221137697,0.9490361807196058
slightlygiddymotion,12.60668053038079,30.009263221137697,0.060191551616469566
more!little!round,11.310390180153938,30.009263221137697,0.24271543307439106
accurately.merry.souvenaunce,12.632449538194829,30.009263221137697,0.9206166599697841
toogaychild,8.24112519621277,30.009263221137697,0.11418876645909488
scarcelyhumanpen,9.493860949996849,30.009263221137697,0.4615551390997872
quite@hot@slices,8.746591577039254,30.009263221137697,0.23316003928081197
most-dreadful-middle,8.441434139571728,30.009263221137697,0.9531675351077522
too.fine.chains,14.807591215022425,30.009263221137697,0.9488588784714241
most-parrot-brute,11.478203288135127,30.009263221137697,0.945295494854523
wheretiggorywindow,14.056451865547576,30.009263221137697,0.930020081256624
most!dreadful!delusion,7.960934434422901,30.009263221137697,0.4770399684081402
chiefly-chiefly-blattery,12.632449538194829,30.009263221137697,0.003786223165836571
unpleasantly!phattfacia!blattery,11.196000284239712,30.009263221137697,0.11200409731296761
thencheerfuljones,10.261527571935224,30.009263221137697,0.9534179150946762
once.more.use,8.44550932538275,30.009263221137697,0.47300192979559996
deeply!blue!boss,14.114651497746559,30.009263221137697,0.9524794501270173
too-slender-skill,5.00868711660208,30.009263221137697,0.9504729307817764
slightlyprimaevalmotion,8.657138530077985,30.009263221137697,0.44973443127182966
very-pound-wavy,10.566046881607694,30.009263221137697,0.12006582567080698
so-pretty-friend,7.42862892955973,30.009263221137697,0.9364501844477726
then.richest.departure,13.875083406475788,30.009263221137697,0.9291514735622229
suddenly!curly!tail,9.150091450849986,30.009263221137697,0.2418549124347771
carelesslyploshkinjones,13.54891772767891,30.009263221137697,0.4755108199144534
no-more-venice,11.100812987452793,30.009263221137697,0.9333546056921496
very.short.tail,4.822689797380954,30.009263221137697,0.457753998584228
here@wild@turnip,15.29696827092617,30.009263221137697,0.9500568608510207
very.bad.tail,8.2491356662948,30.009263221137697,0.9398344558882108
most.agonizing.line,11.374443913315417,30.009263221137697,0.9489658754055263
very@dark@room,5.473937500264692,30.009263221137697,0.9260532511991101
most!fevered!goose,11.133591450147714,30.009263221137697,0.9264029862154054
course@unpleasing@idea,16.714620217672326,30.009263221137697,0.47546711410704473
so-bitter-one,7.693024421221255,30.009263221137697,0.950671697514577
most!dreadful!mayor,8.357162400163718,30.009263221137697,0.4577435540550122
verylargefeathers,8.220892416936003,30.009263221137697,0.9438575523472247
most-dreadful-light,8.17474301654935,30.009263221137697,0.9512390668877684
never.easy.castles,16.90293977999778,30.009263221137697,0.9260519769623436
most@dreadful@benefit,11.910476434725707,30.009263221137697,0.9415660235865374
most!unpleasant!people,5.837915875742127,30.009263221137697,0.459707788890718
verycrimsonsound,10.835546479866727,30.009263221137697,0.9453002616796585
veryshorttail,4.822689797380954,30.009263221137697,0.9442555416472014
continuallysilverballoon,14.783791858843557,30.009263221137697,0.24437924076816125
so.long.years,4.6184780094870295,30.009263221137697,0.9202405565684275
as!many!tears,7.894271632890983,30.009263221137697,0.23336786573913704
so-much-strength,7.421689508496863,30.009263221137697,0.926047017529281
where-violent-smile,10.302325957444237,30.009263221137697,0.4595560236813196
most.curious.draught,8.357082143162149,30.009263221137697,0.9329414566110154
then-upset-while,10.502862412466481,30.009263221137697,0.24267919682680136
still.kind.winter,14.69656062306102,30.009263221137697,0.9259599581397504
quite!cheerful!duck,11.044256375488267,30.009263221137697,0.47287615846978187
thoughshrillpuff,10.509284893583562,30.009263221137697,0.9488538999610938
again@fine@music,15.693703554028115,30.009263221137697,0.9449734188026481
mostfearfulfeathers,8.785043042209232,30.009263221137697,0.4756026125658197
more!calm!wavier,10.954830473853187,30.009263221137697,0.9261290451271832
so.most.brow,9.81971056918671,30.009263221137697,0.45954649344536447
mostdreadfullamp,8.460915445430317,30.009263221137697,0.9450220400826016
very!long!tail,5.524305427791805,30.009263221137697,0.44967657084740237
so-remarkable-theme,7.830294344320383,30.009263221137697,0.4588222264404643
blindly@curious@death,13.05234122832142,30.009263221137697,0.24189514733075476
veryeasytail,8.35289504111451,30.009263221137697,0.12075724058006071
so!long!ding,5.469251966186144,30.009263221137697,0.9433759080160455
jingly.fleecye.overhead,12.752921155561076,30.009263221137697,0.949780972845334
courselongshrimps,17.00071769500612,30.009263221137697,0.45986576330496665
blindly-bad-eggs,13.132436878755358,30.009263221137697,0.0037568160097485094
very-long-tail,5.524305427791805,30.009263221137697,0.4497406337583101
morestupidboy,11.269021701394657,30.009263221137697,0.9508965541396576
as@many@thing,7.95936871146157,30.009263221137697,0.9534313106730556
particularlysinglebit,9.7037940393892,30.009263221137697,0.4598798958419888
veryfewrats,8.738425414178327,30.009263221137697,0.9329458993705124
sometimes.little.children,5.975031252875575,30.009263221137697,0.0009502397570017926
where@underground@axiom,10.106909865244774,30.009263221137697,0.9488274635792405
extremely!wicked!boys,3.953902613567726,30.009263221137697,0.9401489585792061
too.high.warrior,11.838904213162442,30.009263221137697,0.46124412981455126
verybadone,5.7188070042822545,30.009263221137697,0.9515020900294499
very.short.tail,4.822689797380954,30.009263221137697,0.457753998584228
very-kind-quantity,14.819462059343007,30.009263221137697,0.9531407327862547
far-young-man,8.711282756642406,30.009263221137697,0.4729024368609092
dreadfully-high-artichokes,7.593207734938943,30.009263221137697,0.950496501469869
never-more-leaves,10.422723533770236,30.009263221137697,0.9440081576857652
veryeasything,4.653541320128596,30.009263221137697,0.23522092831687338
madly@piffkin@profit,16.581991538497633,30.009263221137697,0.9444389479483299
most@dreadful@storm,4.851998656327579,30.009263221137697,0.942424270871117
purelyplumdress,13.477798153084088,30.009263221137697,0.23356373328753485
solargereplies,7.610630579656487,30.009263221137697,0.4588385592729248
sometimes@fair@methinks,11.426502987744687,30.009263221137697,0.47245861291076235
very-short-tail,4.822689797380954,30.009263221137697,0.4577539979938305
soundly-squeaky-procession,12.632449538194829,30.009263221137697,0.9364372362123543
so.happy.legs,7.302720580078053,30.009263221137697,0.2432299877585891
so!crusty!oration,9.756194484934124,30.009263221137697,0.940584534764563
very!bad!one,5.7188070042822545,30.009263221137697,0.9438176092502673
frequently.chiefly.styrruppes,16.581991538497633,30.009263221137697,0.24285885638332338
slightly!primaeval!motion,8.657138530077985,30.009263221137697,0.9529881548150618
exceedingly@large@flies,6.610542240327449,30.009263221137697,0.47546397793234574
very@pea@tail,11.25457315135036,30.009263221137697,0.9364496681065618
apartmuchgout,17.036848477087176,30.009263221137697,0.944281640487933
more@gentle@co,11.124342120356069,30.009263221137697,0.9202891572272877
slightly.hummy.sound,8.932909839656032,30.009263221137697,0.9138855335753461
more.aged.sire,7.607122898167964,30.009263221137697,0.4695368192708385
wippy.gratifying.chee,12.632449538194829,30.009263221137697,0.9529955051315528
verysimplerooms,8.012448127066534,30.009263221137697,0.4572821658230271
most.gratifying.puddings,10.9782159475746,30.009263221137697,0.12010547444937168
slightly!hummy!accent,16.581991538497633,30.009263221137697,0.9442505479116435
very-long-tail,5.524305427791805,30.009263221137697,0.4497406337583101
veryroundwhite,8.762694077132517,30.009263221137697,0.9488303096475743
slowly-proud-merit,14.927757947877403,30.009263221137697,0.2441327819497901
fruitage!weary!rose,13.123445328429337,30.009263221137697,0.4498141776380416
very@bad@one,5.7188070042822545,30.009263221137697,0.9438176091411073
greatly-original-pie,12.647804352961817,30.009263221137697,0.9444428663695457
very-long-tail,5.524305427791805,30.009263221137697,0.4497406337583101
very.long.tail,5.524305427791805,30.009263221137697,0.44974317768007965
very@low@room,10.896710150349037,30.009263221137697,0.9534036695714393
daily.sweet.tune,9.954678311682732,30.009263221137697,0.9452860093937623
very@long@coat,5.600152893657941,30.009263221137697,0.45647982086336525
thenintrinsicsae,10.755972794802753,30.009263221137697,0.939640201258708
very-dusty-away,8.13348984290528,30.009263221137697,0.9531281956629069
still.certain.life,11.024830095177718,30.009263221137697,0.9294189460508407
most.dreadful.velocity,4.963186857873745,30.009263221137697,0.23356622503123065
very@easy@wish,8.690406027757469,30.009263221137697,0.9442576572748022
so@shiny@thing,7.651896851141152,30.009263221137697,0.950653847204544
solongform,7.639888501242903,30.009263221137697,0.12010492976864258
very-long-tail,5.524305427791805,30.009263221137697,0.4497406337583101
very!loud!hound,10.712287506787984,30.009263221137697,0.9440130425872327
veryfullrim,8.408688752246823,30.009263221137697,0.9442513451708717
so@silent@door,9.940842756561517,30.009263221137697,0.9511007744937853
tightly!twikky!ass,12.612952241699803,30.009263221137697,0.23452785703478768
more!little!walk,8.946476112178209,30.009263221137697,0.9505723489897125
very-fine-papa,12.46837056889083,30.009263221137697,0.459942247863849
veryshorttail,4.822689797380954,30.009263221137697,0.9442555416472014
extremelyhungrynippity,11.930016701103526,30.009263221137697,0.4615405790068367
most-dreadful-storm,4.851998656327579,30.009263221137697,0.12071789457740245
respectively-black-pins,8.059058424770711,30.009263221137697,0.9156186526589813
most@dreadful@velocity,4.963186857873745,30.009263221137697,0.9515421126001987
perfectly!grand!think,12.2766838701294,30.009263221137697,0.9257829637751782
most.poffsky.bosh,14.927757947877403,30.009263221137697,0.234526432767704
still!claret!reader,14.412184742123536,30.009263221137697,0.9266469507509485
most!bewildered!people,12.139104045045679,30.009263221137697,0.9520436816372715
very-long-tail,5.524305427791805,30.009263221137697,0.4497406337583101
very-long-tail,5.524305427791805,30.009263221137697,0.4497406337583101
most@unpleasant@people,5.837915875742127,30.009263221137697,0.9506045566313774
profoundly@aged@path,12.943431267065497,30.009263221137697,0.9488145181780824
clearly!cool!rose,13.405766082665577,30.009263221137697,0.9506639487154264
very.long.tail,5.524305427791805,30.009263221137697,0.44974317768007965
most@dreadful@man,5.663824753011532,30.009263221137697,0.9261186014572567
extremely.large.tune,8.030295573081297,30.009263221137697,0.950740917342299
thenhardbreath,10.307635175442869,30.009263221137697,0.4728135645482468
dreadfully!bitter!wreath,11.897813696319496,30.009263221137697,0.948977776159337
too-long-years,5.166585189158884,30.009263221137697,0.9444477327742414
most.dreadful.people,9.121822531893981,30.009263221137697,0.9355315430885519
undoubtedly.old.man,9.903850154050941,30.009263221137697,0.9450054950949848
certainly@kind@duck,13.262658955072991,30.009263221137697,0.9156190321453638
deeply-runcible-height,12.814197315571526,30.009263221137697,0.24292929576063554
very@pound@room,10.727192174070877,30.009263221137697,0.9506807467098941
very.long.tail,5.524305427791805,30.009263221137697,0.44974317768007965
very-long-tail,5.524305427791805,30.009263221137697,0.4497406337583101
undoubtedlypainlessjourney,12.632449538194829,30.009263221137697,0.9355349430770745
very@large@room,7.954079808708252,30.009263221137697,0.05986410546979447
ever@ill@return,11.061514799762703,30.009263221137697,0.9296519332974648
surely.strange.thoughts,11.972466307030539,30.009263221137697,0.11324736837548867
thus@louder@pleasures,14.620357086761985,30.009263221137697,0.9424824291547816
so-aptly-events,11.529842674398465,30.009263221137697,0.9443064827791098
purelyprimaevalpots,12.632449538194829,30.009263221137697,0.9506708801629266
so@triumphant@poet,10.067170217167272,30.009263221137697,0.23446112651557707
fine!sweet!song,12.848057942535286,30.009263221137697,0.9156185533683254
certainlybesttake,10.872601647852019,30.009263221137697,0.23355601793719846
most.regular.anew,11.22820961779932,30.009263221137697,0.9401445085750396
jingly-sweet-night,13.051561819364105,30.009263221137697,0.2335641439685376
very@aged@thing,8.372586613613796,30.009263221137697,0.93631552419151
remarkablyformalclique,12.632449538194829,30.009263221137697,0.4600172303836398
possiblynewbrains,16.65436819279638,30.009263221137697,0.9524978488303123
veryshorttops,11.754627861347625,30.009263221137697,0.12076168492680488
safely!long!fight,13.395244345996133,30.009263221137697,0.9533611107775117
very!large!herring,11.761973813042898,30.009263221137697,0.9515442013650035
very@bad@jar,8.190415849840388,30.009263221137697,0.9433761602082062
most!dreadful!velocity,4.963186857873745,30.009263221137697,0.23520137750462622
very.deeply.tail,8.2491356662948,30.009263221137697,0.23351445185567946
completely@wide@cat,13.476174674928984,30.009263221137697,0.9364775842343777
considerably-sweet-music,13.654226641760815,30.009263221137697,0.4755843891433013
sometimes.little.children,5.975031252875575,30.009263221137697,0.0009502397570017926
sofirstkobold,13.80249226601424,30.009263221137697,0.9531011738800336
verylongpast,8.400962455181824,30.009263221137697,0.9488182802461824
homeward-loving-replies,12.612952241699803,30.009263221137697,0.9332664199667396
particularly!low!relatives,16.75150951477579,30.009263221137697,0.9291604552161978
really-little-girls,9.61336121893289,30.009263221137697,0.9531010023386325
so-other-one,10.728798085789961,30.009263221137697,0.9507022415673534
quite-bad-use,11.52885422817736,30.009263221137697,0.45986649979641164
very.long.tail,5.524305427791805,30.009263221137697,0.44974317768007965
sometimes@old@man,8.467400900095825,30.009263221137697,0.950861107951011
veryshorttail,4.822689797380954,30.009263221137697,0.9442555416472014
veryshorttail,4.822689797380954,30.009263221137697,0.9442555416472014
very-short-tail,4.822689797380954,30.009263221137697,0.4577539979938305
most!dreadful!guinea,12.740958458447544,30.009263221137697,0.9352230327975547
very@long@tail,5.524305427791805,30.009263221137697,0.4487300955771359
too!large!leaves,11.18769569215913,30.009263221137697,0.9260469042592019
mostdreadfulstorm,4.851998656327579,30.009263221137697,0.4597834671021337
veryshorttail,4.822689797380954,30.009263221137697,0.9442555416472014
happily-fluffy-color,11.77646331896897,30.009263221137697,0.4483186766029808
where!deadly!coals,14.056451865547576,30.009263221137697,0.930020081256641
so-shiny-hours,7.596299429700453,30.009263221137697,0.9525425333404812
very-bad-fortune,11.981487423864362,30.009263221137697,0.23454409940145193
downstairs!tight!flea,13.021255006873385,30.009263221137697,0.9261311310651034
course.old.sage,11.62259373639629,30.009263221137697,0.11418290294057634
very.peculiar.daffy,11.981487423864362,30.009263221137697,0.46180254387101266
heavily@most@avalanche,16.88015280798323,30.009263221137697,0.9205553197205156
verylongtail,5.524305427791805,30.009263221137697,0.9300138711459822
wheedly.hungry.blacky,16.581991538497633,30.009263221137697,0.4618022390510935
respectively@mighty@whale,7.597857219979419,30.009263221137697,0.06018764484869561
wisely!grand!return,12.862949243343657,30.009263221137697,0.9510768303138475
verybadcutlet,11.981487423864362,30.009263221137697,0.9485469689757842
rather!unable!color,11.510517712818256,30.009263221137697,0.9510998963642866
very!short!tail,4.822689797380954,30.009263221137697,0.45775399871453826
very@long@tail,5.524305427791805,30.009263221137697,0.4487300955771359
conciselybitterplay,12.869334362568077,30.009263221137697,0.9401441761458935
visibly!vicious!jam,9.015829023321364,30.009263221137697,0.4599541133670919
veryshorttail,4.822689797380954,30.009263221137697,0.9442555416472014
very@long@tail,5.524305427791805,30.009263221137697,0.4487300955771359
veryshortperiod,5.001727520388531,30.009263221137697,0.4618055137954344
somewhatthaehat,12.803017260626682,30.009263221137697,0.9527907027837906
very!short!tail,4.822689797380954,30.009263221137697,0.45775399871453826
extremely-wicked-boys,3.953902613567726,30.009263221137697,0.9401489585792061
oncemorewebs,11.602620710417048,30.009263221137697,0.9508608553013063
only-savage-trap,10.690467545133272,30.009263221137697,0.449788909574538
very-short-tail,4.822689797380954,30.009263221137697,0.4577539979938305
wholly@large@sons,16.631818740553484,30.009263221137697,0.4589780910887888
soshinysize,7.535482724388209,30.009263221137697,0.46148479549988836
then-extreme-times,10.302272741583208,30.009263221137697,0.45729967773311025
very.simple.patience,8.359925968430813,30.009263221137697,0.12069188895431196
very.short.one,8.739688688539394,30.009263221137697,0.9297326312686898
possibly.little.task,13.023418429717882,30.009263221137697,0.9451318276690739
veryshorttail,4.822689797380954,30.009263221137697,0.9442555416472014
veryshortaway,7.906630280388542,30.009263221137697,0.9202022743588808
toogaychild,8.24112519621277,30.009263221137697,0.11418876645909488
very!dusty!field,8.612408458290815,30.009263221137697,0.4587774601834468
often-dull-nae,15.395542284542516,30.009263221137697,0.4574003140331242
sogoodnight,4.064407507091844,30.009263221137697,0.9526686204664724
remarkably!fat!cur,5.756298855585192,30.009263221137697,0.24293156083565448
very-strong-tail,8.2491356662948,30.009263221137697,0.4693495439501939
very@long@tail,5.524305427791805,30.009263221137697,0.4487300955771359
very-long-tail,5.524305427791805,30.009263221137697,0.4497406337583101
ratherhungrygull,7.905546657348869,30.009263221137697,0.9486037618651476
mostenormousnotes,12.326124438316125,30.009263221137697,0.2344582901170055
very!long!tail,5.524305427791805,30.009263221137697,0.44967657084740237
once@convivial@breast,8.371017710983526,30.009263221137697,0.24293068621443645
slightly.primaeval.motion,8.657138530077985,30.009263221137697,0.9264777535332165
more-mystic-fading,14.841487782407002,30.009263221137697,0.4578187781997136
very-much-binkledy,11.770762924396303,30.009263221137697,0.9480915975637495
still-bitter-caps,14.467782847457647,30.009263221137697,0.0037661242958440776
very!easy!coat,8.159368415638607,30.009263221137697,0.4754459159517305
very.short.tail,4.822689797380954,30.009263221137697,0.457753998584228
verylongtail,5.524305427791805,30.009263221137697,0.9300138711459822
sougliesttable,9.972226117181583,30.009263221137697,0.45876817667249
most@dreadful@process,8.541391139710122,30.009263221137697,0.2450844360421751
rather@most@color,11.558678982303856,30.009263221137697,0.9425722609769319
slightlygiddyprayer,12.612952241699803,30.009263221137697,0.11267691417509994
jingly@little@frown,13.150162091491053,30.009263221137697,0.4615467181170362
wholly.domestic.pounds,16.831991538497633,30.009263221137697,0.1195370979250194
so-grand-am,11.326556262850167,30.009263221137697,0.9534247494485492
perfectly.pink.morocco,8.633491488916599,30.009263221137697,0.24192260728661777
well-haggard-jones,11.090393145103334,30.009263221137697,0.9509082419915106
soon@delightful@admire,11.223107302724102,30.009263221137697,0.24431195970014252
gravely.manypeeplia.moment,16.62447278885821,30.009263221137697,0.4596954779926036
where!wholesale!death,10.526801555371362,30.009263221137697,0.9483863312153227
then@keenest@cravat,7.481186477294026,30.009263221137697,0.9353439312517595
slightly.hummy.sound,8.932909839656032,30.009263221137697,0.9138855335753461
so.easy.years,8.124513234431411,30.009263221137697,0.4598809739245916
sometimes.little.children,5.975031252875575,30.009263221137697,0.0009502397570017926
very.long.tail,5.524305427791805,30.009263221137697,0.44974317768007965
unpleasantly-gray-scene,11.530374424272168,30.009263221137697,0.11325524488648439
so.happy.replies,6.98711714079867,30.009263221137697,0.06019155792822521
most@glowing@cheek,7.230307833332177,30.009263221137697,0.4560814805772004
quite-large-discobbolos,10.938556759851581,30.009263221137697,0.9261363250905582
most@dreadful@salt,11.952957685086284,30.009263221137697,0.4601293367117319
very.long.tail,5.524305427791805,30.009263221137697,0.44974317768007965
very!large!tail,8.029622055473334,30.009263221137697,0.4576975976007191
very@large@air,7.982998651933971,30.009263221137697,0.9401646629139818
very-blue-tail,11.18294246166132,30.009263221137697,0.9507207026150482
more.sweet.horse,11.134939753519697,30.009263221137697,0.12011297581129793
very-short-pillar,7.805085861044821,30.009263221137697,0.9525513373214545
most!operative!longitudes,14.927757947877403,30.009263221137697,0.9438980101558297
rather-blue-color,9.071935012953523,30.009263221137697,0.0009457907735709309
very-queer-cry,8.24757241983138,30.009263221137697,0.940393902403848
very.short.tail,4.822689797380954,30.009263221137697,0.457753998584228
sometimes.little.children,5.975031252875575,30.009263221137697,0.0009502397570017926
veryfineheart,8.647810813600593,30.009263221137697,0.06047228786051138
very.much.room,7.962868920061655,30.009263221137697,0.9300090072468149
so-gentle-part,7.745836672793112,30.009263221137697,0.4694654459056476
most!unpleasant!people,5.837915875742127,30.009263221137697,0.459707788890718
continuallyjomblecreeps,11.028645423431364,30.009263221137697,0.11264682310294157
very.long.tail,5.524305427791805,30.009263221137697,0.44974317768007965
particularly-human-form,13.187144874449665,30.009263221137697,0.9525866904064948
sideways!louder!cheeks,16.831991538497633,30.009263221137697,0.9206162701003809
sometimes-little-children,5.975031252875575,30.009263221137697,0.001884892047913819
slightly-primaeval-eye,12.672794929582365,30.009263221137697,0.9447251599084989
wisely-tenderest-string,13.028677503935647,30.009263221137697,0.24180100185023545
very-long-tail,5.524305427791805,30.009263221137697,0.4497406337583101
quite!promiscuous!mud,11.236410953469377,30.009263221137697,0.9485480100820155
wildly!merry!secret,16.67263405834381,30.009263221137697,0.9261235640294972
mostleadenmaids,11.056204350131587,30.009263221137697,0.952042842166087
extremely.wicked.boys,3.953902613567726,30.009263221137697,0.9401489585792061
absolutely-first-nods,16.928747319274944,30.009263221137697,0.4587644965100645
very.long.tail,5.524305427791805,30.009263221137697,0.44974317768007965
very@baleful@year,10.702917446573537,30.009263221137697,0.9529911464757367
jingly!top!fly,13.291438376940931,30.009263221137697,0.9515233320266889
always!sweeter!expressions,11.176502987744687,30.009263221137697,0.4562209317043696
charmingly-large-cummerbunds,16.631818740553484,30.009263221137697,0.45782390869406586
toogayflocks,8.169349760767588,30.009263221137697,0.24414554025806595
verylivelyaside,10.711235117070038,30.009263221137697,0.4693336963699151
wheremanystep,14.211823959734145,30.009263221137697,0.9334686743990525
very-short-tail,4.822689797380954,30.009263221137697,0.4577539979938305
charmingly-sweet-surprise,6.076960232544967,30.009263221137697,0.9489970111653977
so.plural.alack,11.529842674398465,30.009263221137697,0.9443064986093087
most-beautiful-hats,8.288958126242287,30.009263221137697,0.9531424938724945
where!early!passion,10.449619725627171,30.009263221137697,0.4573967167512781
where.deluded.verse,14.056451865547576,30.009263221137697,0.9200207584088841
remarkably!barbary!cur,12.612952241699803,30.009263221137697,0.9444047457675218
sometimes@little@children,5.975031252875575,30.009263221137697,0.0038029504353074097
once-glassy-pounds,15.022104288524774,30.009263221137697,0.060390405145052166
still.ghostly.border,7.13045842908495,30.009263221137697,0.9529986228996883
unpleasantly.pensive.cicero,11.196000284239712,30.009263221137697,0.9205627241107806
reallygreatend,12.068960066018583,30.009263221137697,0.24276422383427193
wherenastytrolls,14.056451865547576,30.009263221137697,0.060191622274969374
very.short.period,5.001727520388531,30.009263221137697,0.003764092846424321
deeply!solemn!vision,16.766232937039184,30.009263221137697,0.47292327906185355
sometimeshotclouds,11.593956842327938,30.009263221137697,0.9522575639398225
verylongtail,5.524305427791805,30.009263221137697,0.9300138711459822
where-sick-breath,7.854998759605484,30.009263221137697,0.45987038932471336
wheretrellisedphrase,10.331136928544067,30.009263221137697,0.9507806531651747
jingly!provoking!bachelor,16.83199153849763,30.009263221137697,0.4540634608212704
queenly@unflagging@ground,12.774097534162989,30.009263221137697,0.24185214910163486
there!ill!throb,13.863405591359548,30.009263221137697,0.9294033474763166
most!interesting!house,8.681116371197806,30.009263221137697,0.23315914370759644
very.short.volume,11.754627861347625,30.009263221137697,0.11999262412059175
nearly.purpledicular.ass,9.163391252404416,30.009263221137697,0.9294298801857861
where-other-thoughts,8.741944351533487,30.009263221137697,0.9505530228294312
very-long-duck,8.52211628865506,30.009263221137697,0.9488676620257595
charmingly@purpledicular@smile,12.827865630394296,30.009263221137697,0.9362472009152287
very.tail.blue,11.204722648303889,30.009263221137697,0.9531325422849718
no.longer.slices,7.93863570931942,30.009263221137697,0.4771293033450723
very.long.tail,5.524305427791805,30.009263221137697,0.44974317768007965
sometimes-little-children,5.975031252875575,30.009263221137697,0.001884892047913819
charmingly.sweet.music,9.95467831168273,30.009263221137697,0.9428418531661237
veryshorttail,4.822689797380954,30.009263221137697,0.9442555416472014
perhaps!funny!jones,11.124342470112305,30.009263221137697,0.9154481391502648
most.dreadful.storm,4.851998656327579,30.009263221137697,0.45991606887697684
very@bad@one,5.7188070042822545,30.009263221137697,0.9438176091411073
most-mighty-gun,10.9782159475746,30.009263221137697,0.9504899540679242
very.short.tail,4.822689797380954,30.009263221137697,0.457753998584228
where!ceaseless!rubber,10.106909865244774,30.009263221137697,0.9530007048087291
most.dreadful.storm,4.851998656327579,30.009263221137697,0.45991606887697684
verylonground,8.5575113042855,30.009263221137697,0.475425826899614
most.dreadful.velocity,4.963186857873745,30.009263221137697,0.23356622503123065
mostdreadfuldinner,8.151395050544702,30.009263221137697,0.9451304682979534
always-chippy-book,11.595901957510577,30.009263221137697,0.11948817297150643
remarkably-fat-cur,5.756298855585192,30.009263221137697,0.24293156083565448
so!ruddy!one,10.690797312428698,30.009263221137697,0.4599601757398238
then-gentle-gray,10.104464342309287,30.009263221137697,0.24292506957608595
thus!sweet!shrieks,14.66550014817244,30.009263221137697,0.9444142007170346
soon!bitter!night,11.532203010450786,30.009263221137697,0.24175557930510622
certainlycarelessam,16.685750913317342,30.009263221137697,0.23346084754658517
very!short!tart,7.774376841344286,30.009263221137697,0.9364501807559182
slightly-buzzing-accent,8.682907537892024,30.009263221137697,0.23520381409561758
very!easy!thing,4.653541320128596,30.009263221137697,0.9363160027248306
sweetly!next!heart,13.28713448460334,30.009263221137697,0.003764059189626161
verylongroom,8.3559315220438,30.009263221137697,0.936448920243338
sogoodcharge,11.284993005068877,30.009263221137697,0.003788323717877508
so.more.flew,10.415011212325481,30.009263221137697,0.9534383035525192
inwardly-stupid-sons,16.581991538497633,30.009263221137697,0.9450055153786107
where.umbrageous.building,14.056451865547576,30.009263221137697,0.9397180238832068
pretty-sadder-turban,11.18004834831372,30.009263221137697,0.9156187514104275
half@beautiful@tone,12.961001677818421,30.009263221137697,0.46012863381035646
slightly@primaeval@motion,8.657138530077985,30.009263221137697,0.060429834877766146
very@long@poker,8.591020858073534,30.009263221137697,0.457326502620003
very-long-tail,5.524305427791805,30.009263221137697,0.4497406337583101
mostdreadfullight,8.17474301654935,30.009263221137697,0.9451254941005607
most-beautiful-running,12.23850012654509,30.009263221137697,0.9502250654257552
asmanyventure,11.818269521712137,30.009263221137697,0.9513301999943313
last.wiser.round,11.147083655720657,30.009263221137697,0.12000035644053597
dimly!couldst!flow,12.91227077798437,30.009263221137697,0.9452769248805732
so-many-happiness,11.685214768585034,30.009263221137697,0.9506907405141568
very@mighty@eye,10.625889569490255,30.009263221137697,0.9508598722180227
most.jangled.sons,14.927757947877403,30.009263221137697,0.23452643276851604
thus@weary@wretches,14.668518356247585,30.009263221137697,0.9444407183051791
so@long@part,7.2025678941999205,30.009263221137697,0.4513712407142284
very@glorious@thing,10.92618536815496,30.009263221137697,0.941510571044488
perfectly!awful!sake,11.234005926734477,30.009263221137697,0.9395424119451091
chiefly!vague!sympathy,12.778690163375119,30.009263221137697,0.461262190193654
veryshortarrangement,8.055079531269541,30.009263221137697,0.47544928453888397
soshinywords,8.10369527022958,30.009263221137697,0.4526791841911364
really@single@bee,11.196005463229387,30.009263221137697,0.9442594729681818
very!long!tail,5.524305427791805,30.009263221137697,0.44967657084740237
taneously@angry@cucumbers,12.916819089357034,30.009263221137697,0.24284488859312514
ever!first!handel,11.177764545615911,30.009263221137697,0.9300022998447326
very-crimson-taste,10.712284508431834,30.009263221137697,0.4771489754300957
very.little.pieces,9.803235578742752,30.009263221137697,0.9530853520457258
nearly-crumbobblious-leg,13.009183871886425,30.009263221137697,0.06015168478529569
very@short@thing,8.145727051097058,30.009263221137697,0.12010503093226517
where.other.ghosts,8.727798469441893,30.009263221137697,0.9506714423774155
newly@beautiful@immoderate,16.64060785190689,30.009263221137697,0.9443301890782031
once@cloxam@mouth,11.426302674049097,30.009263221137697,0.0018680532403152672
so.full.moonbeam,11.50466643101334,30.009263221137697,0.24440605577776597
l!several!tunes,11.96476928986241,30.009263221137697,0.933279357867002
very-long-tail,5.524305427791805,30.009263221137697,0.4497406337583101
somanyone,8.670275595776802,30.009263221137697,0.1207833737805536
most!curious!tone,8.34221058517249,30.009263221137697,0.1126607372598745
very!glorious!tail,10.802734420835959,30.009263221137697,0.9333896596770767
most!dreadful!storm,4.851998656327579,30.009263221137697,0.4616261042050076
scarcely.human.sprite,9.380737511650063,30.009263221137697,0.95314759066764
suddenly@fat@pie,12.690285603322394,30.009263221137697,0.9300069431790158
very.blue.boss,12.06774613765445,30.009263221137697,0.9523246927100731
slightly-innocent-veil,12.710437940751818,30.009263221137697,0.23535521895459632
most!dreadful!mayor,8.357162400163718,30.009263221137697,0.4577435540550122
wisely!dull!wat,12.632449538194829,30.009263221137697,0.9400436758064384
very!long!tail,5.524305427791805,30.009263221137697,0.44967657084740237
very-large-frog,5.483776590657671,30.009263221137697,0.46170557464742124
quite!wide!pounds,15.055477437412813,30.009263221137697,0.05989246555068556
very!large!street,7.964736792051661,30.009263221137697,0.44972906663039236
so-tight-form,8.11595099734375,30.009263221137697,0.24440281456837087
too!long!years,5.166585189158884,30.009263221137697,0.9450014555215918
then!sickly!terror,13.875083406475788,30.009263221137697,0.11418347817998173
richly-stupid-insert,16.581991538497633,30.009263221137697,0.9203348426862229
then!easy!end,10.821778539049726,30.009263221137697,0.46179599039883623
very.shiny.people,11.746432275573799,30.009263221137697,0.9488676525802883
scarcely.human.thing,9.604005433231483,30.009263221137697,0.9489500252835367
however!churn!expenses,15.145542284542516,30.009263221137697,0.11272982196890424
very-long-tail,5.524305427791805,30.009263221137697,0.4497406337583101
where@human@poem,10.68737289997403,30.009263221137697,0.9488182003572173
soon.certain.bite,11.407344772378988,30.009263221137697,0.9487861711421783
very-long-tail,5.524305427791805,30.009263221137697,0.4497406337583101
kindly.stupid.avalanche,16.685750913317342,30.009263221137697,0.4537082156896702
very-large-bees,5.301440820138057,30.009263221137697,0.24324310485586934
verylargepair,12.261973813042896,30.009263221137697,0.9334131367105276
quitebrownheight,11.102412788827099,30.009263221137697,0.06047372876103879
sometimes.painless.moment,15.188023534903095,30.009263221137697,0.4593999120389124
soeasything,4.201896570662699,30.009263221137697,0.4527903942559082
very@queer@cry,8.24757241983138,30.009263221137697,0.940572515896037
beneathdespairingspace,10.90815900473201,30.009263221137697,0.9534531626045348
very.easy.dark,8.602233490324348,30.009263221137697,0.9146963084925506
most.dreadful.tongs,8.483897400318844,30.009263221137697,0.9502132775058423
very.human.tail,10.802734420835959,30.009263221137697,0.9444366676189665
most.dreadful.world,8.607150714921653,30.009263221137697,0.45781751885726485
very.deeply.multitude,12.127728049044654,30.009263221137697,0.9531394582428001
slightly@bumpy@motion,12.60668053038079,30.009263221137697,0.4589989078646979
very@radiant@dreams,11.017870620590609,30.009263221137697,0.4574427798469394
most!unpleasant!fighting,12.179883813135836,30.009263221137697,0.4615953847437303
ever@romantic@sae,11.661446483243648,30.009263221137697,0.9525435993011057
further@much@kettle,13.087301120813446,30.009263221137697,0.940134201686292
remarkably@fat@cur,5.756298855585192,30.009263221137697,0.24293156083565448
whereabsolutetendrils,14.056451865547576,30.009263221137697,0.948854837420641
where-roman-ghosts,14.108064584914432,30.009263221137697,0.059888705280924624
very-simple-ocean,8.256170522433571,30.009263221137697,0.00023687380308236715
more.plural.dum,12.147297281960443,30.009263221137697,0.2335636083993724
dumbly-little-eel,8.729056652870613,30.009263221137697,0.45398668264432507
very-short-tail,4.822689797380954,30.009263221137697,0.4577539979938305
where@vexed@soul,7.430305512403293,30.009263221137697,0.9397702160129178
really.higher.scythes,15.145542284542516,30.009263221137697,0.05989414565279539
where@mighty@doggie,10.899346809511048,30.009263221137697,0.9266464492492864
very@bad@maid,8.170750892240116,30.009263221137697,0.015322429220440423
slightly!giddy!motion,12.60668053038079,30.009263221137697,0.4589989078646979
dreadfully.high.discobbolos,7.495520009601099,30.009263221137697,0.47516235056539957
kind@young@boy,12.476741887264316,30.009263221137697,0.9334021993108588
most-dreadful-storm,4.851998656327579,30.009263221137697,0.12071789457740245
wholly.copper.owner,12.632449538194829,30.009263221137697,0.4754410252941046
very!bad!grace,8.001236403861025,30.009263221137697,0.9512396041357676
slightlyprimaevalwild,13.146051746130624,30.009263221137697,0.4695272768612691
quitedolorumstring,11.132651578649668,30.009263221137697,0.46946669145127157
very@long@tail,5.524305427791805,30.009263221137697,0.4487300955771359
slowly.wonderful.whale,10.949351512353115,30.009263221137697,0.9488307791344979
verylongtail,5.524305427791805,30.009263221137697,0.9300138711459822
very.large.bees,5.301440820138057,30.009263221137697,0.24324310432723112
scarcely-simple-word,12.762659780707196,30.009263221137697,0.9529945286283998
morewrongwords,12.052868188327967,30.009263221137697,0.11361063198752912
no@longer@child,7.410444483987208,30.009263221137697,0.4526840394155277
very!short!tail,4.822689797380954,30.009263221137697,0.45775399871453826
heavily@most@use,13.723041422948935,30.009263221137697,0.23452389618866115
quite!soft!take,6.054576403293373,30.009263221137697,0.4577494680826941
very@long@tail,5.524305427791805,30.009263221137697,0.4487300955771359
very.loud.voice,7.932107015432804,30.009263221137697,0.4578160022161794
very.long.tail,5.524305427791805,30.009263221137697,0.44974317768007965
very-simple-haze,8.03194542356156,30.009263221137697,0.9355229611838038
so!full!mother,11.560264536347454,30.009263221137697,0.4617881890148773
ever-much-picture,11.83559620970692,30.009263221137697,0.9452963864012464
where.dolorous.acrostic,14.056451865547576,30.009263221137697,0.24192240145809055
where@true@sharp,14.43908054472227,30.009263221137697,0.9528976507143436
verylongtail,5.524305427791805,30.009263221137697,0.9300138711459822
very!bad!one,5.7188070042822545,30.009263221137697,0.9438176092502673
too.much.singing,8.643593089797655,30.009263221137697,0.24415851959093265
very-short-tail,4.822689797380954,30.009263221137697,0.4577539979938305
veryshortround,8.148313639254678,30.009263221137697,0.9297307977614977
very!much!castles,11.770762924396303,30.009263221137697,0.12009868561126535
most.dreadful.storm,4.851998656327579,30.009263221137697,0.45991606887697684
sobadnature,8.080281685103078,30.009263221137697,0.9202409339012685
so-frantic-scythes,11.529842674398465,30.009263221137697,0.9524885658497598
most-pea-green,7.6906358385432325,30.009263221137697,0.9530009032961834
however.photographic.tee,11.167135849018228,30.009263221137697,0.9156552452384992
constantly@woe@take,14.137952884705344,30.009263221137697,0.11898305678648304
stealthily!haggard!whale,11.151190242867514,30.009263221137697,0.9484722316730083
whatsoeverfineladye,13.021250356393764,30.009263221137697,0.9506188848974406
whererichestducks,14.136933889269416,30.009263221137697,0.9364943852247162
sometimes@little@thirst,5.542418442008675,30.009263221137697,0.914163311507
veryshorttail,4.822689797380954,30.009263221137697,0.9442555416472014
very!blue!bottle,11.517099165911205,30.009263221137697,0.44842814405625603
most.dreadful.pond,7.960934434422901,30.009263221137697,0.11325758859733118
respectively!large!minky,10.960384583649825,30.009263221137697,0.24430905045283458
mostdreadfulstorm,4.851998656327579,30.009263221137697,0.4597834671021337
purely.barbary.red,12.893848290230416,30.009263221137697,0.9257771240634504
so!young!people,9.294719972904952,30.009263221137697,0.24304519557732565
veryroundface,8.541696904617957,30.009263221137697,0.9200274754385976
twice!waterproof!dress,13.009180873605056,30.009263221137697,0.9510715319610789
sometimes-little-men,6.061171196340844,30.009263221137697,0.45569502463564104
very!large!bees,5.301440820138057,30.009263221137697,0.24324310456107656
sometimes@little@men,6.061171196340844,30.009263221137697,0.45569502463564104
somehow@grand@labour,16.581991538497633,30.009263221137697,0.23351995238963955
entirely.ethereal.frame,8.932901208116746,30.009263221137697,0.953466143626715
very-long-tail,5.524305427791805,30.009263221137697,0.4497406337583101
very.short.tail,4.822689797380954,30.009263221137697,0.457753998584228
absolutely.abstemious.ripples,12.736208913014542,30.009263221137697,0.45278263919984574
as!many!parts,8.543761500972003,30.009263221137697,0.9300247646984171
sometimeslittlechildren,5.975031252875575,30.009263221137697,0.943375434372762
where-great-ducks,11.560133686984214,30.009263221137697,0.950071483001851
scarcely!human!claim,13.21290624348205,30.009263221137697,0.2429323622487053
most!dreadful!storm,4.851998656327579,30.009263221137697,0.4616261042050076
jingly.querulous.yearning,12.90543049370423,30.009263221137697,0.0018859185155760102
sometimes!little!bird,5.787472616975806,30.009263221137697,0.9297262024755176
where!ghastly!ghosts,14.108064584914432,30.009263221137697,0.9507376224642355
very!short!period,5.001727520388531,30.009263221137697,0.0037640928464267
veryredtail,11.038588538744369,30.009263221137697,0.45648388151582775
very@bad@miles,12.165728822405914,30.009263221137697,0.45727313604045733
where.valuable.jones,10.442896031007015,30.009263221137697,0.23443528509255876
most.dreadful.light,8.17474301654935,30.009263221137697,0.9512390668877393
then@keenest@hiawatha,7.654156390363833,30.009263221137697,0.23666414027576674
very@bad@room,8.173593419529716,30.009263221137697,0.1134875662588862
zikky@sadder@bee,10.930059857078673,30.009263221137697,0.24194013216609433
pretty@fyve@wind,11.36238112057689,30.009263221137697,0.449179752981125
never-dear-dorkings,16.924805490310362,30.009263221137697,0.9447364458701614
gravely-fat-boy,13.117765309304314,30.009263221137697,0.9300169495631515
verylongtail,5.524305427791805,30.009263221137697,0.9300138711459822
very!aptly!throats,14.535086178405523,30.009263221137697,0.9202501706952598
very@much@while,8.398541930386996,30.009263221137697,0.9363202687329194
course-singular-riddles,12.765078217369522,30.009263221137697,0.913614540891853
once.more.wi’,11.658218815751157,30.009263221137697,0.4485633962559646
where!helpless!flood,14.056451865547576,30.009263221137697,0.4615639978384385
slightly.giddy.note,13.028677503935647,30.009263221137697,0.23445928464346627
very@large@bees,5.301440820138057,30.009263221137697,0.24324310174779784
unawareshappychance,13.834161694305326,30.009263221137697,0.113251948700478
very-coppery-delight,10.865367382308843,30.009263221137697,0.9534186806076538
utterly-yonghy-light,13.822980769223408,30.009263221137697,0.952484669143111
quite@young@pie,11.30530962901405,30.009263221137697,0.06019340093149939
where@laconic@death,10.526801555371362,30.009263221137697,0.4771507830823941
so.bewildered.forgot,13.95573648523693,30.009263221137697,0.4498117207770833
very-long-tail,5.524305427791805,30.009263221137697,0.4497406337583101
mostunpleasantgrow,8.704555125366028,30.009263221137697,0.4756087899792988
very-long-bees,8.464277196300364,30.009263221137697,0.9141754679753552
very!easy!thing,4.653541320128596,30.009263221137697,0.9363160027248306
so!long!ding,5.469251966186144,30.009263221137697,0.9433759080160455
most.dreadful.storm,4.851998656327579,30.009263221137697,0.45991606887697684
quitebroadpie,10.751778427675838,30.009263221137697,0.060193553081195846
quite-soft-tide,8.16978674872404,30.009263221137697,0.9334689338354528
so!bad!childhood,11.529842674398465,30.009263221137697,0.45944966440052215
most.dreadful.storm,4.851998656327579,30.009263221137697,0.45991606887697684
veryshorttail,4.822689797380954,30.009263221137697,0.9442555416472014
sometimes-little-bird,5.787472616975806,30.009263221137697,0.9297262024755176
well!true!steeple,10.887035658515789,30.009263221137697,0.060471863319826596
most.dreadful.storm,4.851998656327579,30.009263221137697,0.45991606887697684
most.dreadful.warrior,11.910476434725707,30.009263221137697,0.2353754875483263
so@bright@anger,7.957483626829733,30.009263221137697,0.9362185023726667
very.gold.impression,10.68930355292243,30.009263221137697,0.452673300662517
no!more!sight,7.301544658039237,30.009263221137697,0.9488577822718766
extremely-hoarse-we,11.982136713640413,30.009263221137697,0.9401549536292793
scarcely.human.head,9.476872409502542,30.009263221137697,0.4597820112967727
wikky!piteous!tikky,15.249301659362226,30.009263221137697,0.4616117491930739
then!warm!care,10.72714438747004,30.009263221137697,0.0018692263596335698
always@deadlie@clap,15.395542284542516,30.009263221137697,0.915663350706358
so-long-manner,7.528027685736975,30.009263221137697,0.0019134029802671043
moremyriadsing,11.339785006535909,30.009263221137697,0.9199493708064163
most-loving-pearl,11.22820961779932,30.009263221137697,0.9401445087942278
more-violent-pain,8.309622903107748,30.009263221137697,0.929118211640948
where-other-coortin’,7.987609423606409,30.009263221137697,0.9405877032707639
verybadnumber,8.311770592194966,30.009263221137697,0.951332166749911
very@short@way,4.804016228173318,30.009263221137697,0.11324303108646025
dreadfully-weary-mother,15.24930165936223,30.009263221137697,0.2344589670180083
whencefastmartyr,15.190192980148183,30.009263221137697,0.9297368262120325
sometimeslittlepile,11.83695651654546,30.009263221137697,0.9446898225141074
pretty.yellow.paper,15.025837303572093,30.009263221137697,0.9438641993828104
most-dreadful-velocity,4.963186857873745,30.009263221137697,0.45944682316489904
completely.cutaneous.see,13.08323611015018,30.009263221137697,0.9401618275539723
too@slender@part,8.325629164884598,30.009263221137697,0.9531151357647456
greatly-promiscuous-year,12.749822806665646,30.009263221137697,0.4588040601087848
very-tiny-plate,10.981772143843537,30.009263221137697,0.4588055319675883
most!unpleasant!people,5.837915875742127,30.009263221137697,0.459707788890718
most.scared.glances,15.07399857305769,30.009263221137697,0.9442534931110395
very@large@rats,5.447675115654153,30.009263221137697,0.9329428459594921
remarkably!barbary!cur,12.612952241699803,30.009263221137697,0.9444047457675218
so!great!surprise,5.032868447283003,30.009263221137697,0.9485455320888737
most!dreadful!pumpkin,11.910476434725707,30.009263221137697,0.23452824137315154
very!much!sort,12.270762924396301,30.009263221137697,0.46168652722492687
perhaps@most@thoughts,14.667576777055363,30.009263221137697,0.4724748712798227
very!long!tail,5.524305427791805,30.009263221137697,0.44967657084740237
very.pound.men,11.078527924620849,30.009263221137697,0.9534523885783089
slightly@primaeval@accent,16.581991538497633,30.009263221137697,0.4512447716904843
most-dreadful-velocity,4.963186857873745,30.009263221137697,0.45944682316489904
most.dreadful.sound,8.210936736186907,30.009263221137697,0.9265933560625199
at!least!water,7.7501144830017505,30.009263221137697,0.9204471453761499
very.short.tail,4.822689797380954,30.009263221137697,0.457753998584228
lesslessbell,11.326255311982859,30.009263221137697,0.4693799881652297
extremelybusystout,11.001879564831937,30.009263221137697,0.9453014702074355
suddenly-early-books,13.316671947743798,30.009263221137697,0.4599539296832272
trulyoldman,9.903850154050941,30.009263221137697,0.2353689878029683
very@bad@habit,4.784204176787681,30.009263221137697,0.23446150615452171
wherelovelyperish,14.366703890423524,30.009263221137697,0.9298698797084874
verylargebees,5.301440820138057,30.009263221137697,0.45258089142465163
partiallyeasyafloat,12.986202583239262,30.009263221137697,0.9488266837167387
extremely@wicked@boys,3.953902613567726,30.009263221137697,0.9401489585792061
mostdreadfulattempt,11.910476434725707,30.009263221137697,0.9533844456168062
still-susceptible-styrruppes,14.412184742123536,30.009263221137697,0.1126781906515255
most.dreadful.clatter,11.910476434725707,30.009263221137697,0.2353754875483263
very!long!tail,5.524305427791805,30.009263221137697,0.44967657084740237
sometimes-old-man,8.467400900095825,30.009263221137697,0.950861107951011
where@human@chance,14.056451865547576,30.009263221137697,0.9300200812566403
jingly.sunless.bò,12.741899783441347,30.009263221137697,0.23452821693124895
very-long-tail,5.524305427791805,30.009263221137697,0.4497406337583101
most-satisfactory-periwinkles,8.230341812833032,30.009263221137697,0.4769381688965415
lovelit@rarest@jones,11.531986450001956,30.009263221137697,0.9522355836541672
sosilentflowers,9.929375834550164,30.009263221137697,0.46179114415095557
very!short!days,8.124875587914923,30.009263221137697,0.9330945088723245
most-dreadful-sound,8.210936736186907,30.009263221137697,0.953245344814436
still-most-bears,14.460346011609134,30.009263221137697,0.9440041979049248
very@short@while,8.382406867338318,30.009263221137697,0.9531015199851246
verylittlerow,8.403417351677495,30.009263221137697,0.9531858729188109
finally.obese.proportions,15.145542284542516,30.009263221137697,0.9531327921685134
absolutely!abstemious!gout,12.632449538194829,30.009263221137697,0.9452982356143904
very-pale-bonnet,10.956576547018598,30.009263221137697,0.4755282257353604
mostcrimsonslice,14.927757947877403,30.009263221137697,0.9259602167157706
regardless-simple-void,11.196000284239712,30.009263221137697,0.9154797055713744
exceedinglylargeowls,9.29664032052109,30.009263221137697,0.4537443248263287
then.painless.ghosts,13.926696125842644,30.009263221137697,0.9333882831945197
very!single!bit,7.65688867929709,30.009263221137697,0.459707436756396
slightly!giddy!motion,12.60668053038079,30.009263221137697,0.4589989078646979
very!short!one,8.739688688539394,30.009263221137697,0.929732612158843
most!dreadful!storm,4.851998656327579,30.009263221137697,0.4616261042050076
sometimes!old!lake,12.571681622517618,30.009263221137697,0.9511008834946585
very.bad.number,8.311770592194966,30.009263221137697,0.9364742142111673
rathermostmillions,14.927757947877403,30.009263221137697,0.9507660464927965
courteously.golden.bear,12.794043326864251,30.009263221137697,0.45899970750041863
then.crowded.sob,10.3217693719138,30.009263221137697,0.926402038699347
most.unpleasant.people,5.837915875742127,30.009263221137697,0.46149288721221915
newlygoldenthrong,12.922435202952572,30.009263221137697,0.45987985263587844
most@dreadful@blare,7.960934434422901,30.009263221137697,0.461407284838067
partially.emphatic.tee,12.603585102973344,30.009263221137697,0.4539865437425677
no-more-anti,11.100812987452793,30.009263221137697,0.24520240302362886
most@dreadful@velocity,4.963186857873745,30.009263221137697,0.9515421126001987
slightly!floppsikon!accent,16.581991538497633,30.009263221137697,0.06029995722790245
where@slow@company,10.558735936319703,30.009263221137697,0.9297347554336902
truly!long!nights,13.31477498126944,30.009263221137697,0.4539795418396691
most-domestic-metre,15.031517322697113,30.009263221137697,0.9504581099717057
extremely@wicked@methinks,7.710977404305695,30.009263221137697,0.9442401298335836
very@bad@one,5.7188070042822545,30.009263221137697,0.9438176091411073
extremely!large!rats,5.415545205770633,30.009263221137697,0.940037034749311
nolongersalads,7.358166345037051,30.009263221137697,0.9486033214907519
perfectly@blue@green,12.24337590343416,30.009263221137697,0.9507207606348816
more!mysterious!pounds,14.92196980612884,30.009263221137697,0.11417003052613624
quite@soft@familiars,8.079141386901806,30.009263221137697,0.4613984572536318
very@easy@thing,4.653541320128596,30.009263221137697,0.9363153308735263
perfectlyruddysqueak,11.4553662954123,30.009263221137697,0.9506919558886353
so-high-dawn,8.109388893898682,30.009263221137697,0.9138975190853882
very.short.tail,4.822689797380954,30.009263221137697,0.457753998584228
very.simple.plain,8.162155666073925,30.009263221137697,0.9297293346188068
very!simple!wraith,8.03194542356156,30.009263221137697,0.4492176311519792
absolutely@t’other@bear,12.728284725405803,30.009263221137697,0.23684654663968627
still.silent.night,7.605630276777006,30.009263221137697,0.4491792308194668
very!long!tail,5.524305427791805,30.009263221137697,0.44967657084740237
veryshorttail,4.822689797380954,30.009263221137697,0.9442555416472014
too-long-years,5.166585189158884,30.009263221137697,0.9444477327742414
most.dreadful.meets,11.910476434725707,30.009263221137697,0.9447163263868086
most!unpleasant!drinks,8.230341812833032,30.009263221137697,0.9329579115290958
whereimprudentjones,10.692896031007013,30.009263221137697,0.06047164793435331
where.richest.jones,10.442896031007015,30.009263221137697,0.23454325977421106
very@long@tail,5.524305427791805,30.009263221137697,0.4487300955771359
well!other!pleasure,11.292388763709774,30.009263221137697,0.9530017430957791
very-circular-ache,14.535086178405523,30.009263221137697,0.9531457709911084
too!long!legs,4.465376264781445,30.009263221137697,0.9506917548683111
veryshorttail,4.822689797380954,30.009263221137697,0.9442555416472014
more-violent-see,8.557899333766814,30.009263221137697,0.943369696375404
very-short-tail,4.822689797380954,30.009263221137697,0.4577539979938305
very-long-tail,5.524305427791805,30.009263221137697,0.4497406337583101
very.long.tail,5.524305427791805,30.009263221137697,0.44974317768007965
where!slight!gar,13.225969841825735,30.009263221137697,0.929883174392264
down-distant-post,11.290030904930125,30.009263221137697,0.24179824462985242
slightly.primaeval.motion,8.657138530077985,30.009263221137697,0.9264777535332165
cheerfully!stately!cicero,8.932901208116746,30.009263221137697,0.459926927438688
verylongtail,5.524305427791805,30.009263221137697,0.9300138711459822
veryeasything,4.653541320128596,30.009263221137697,0.23522092831687338
lovingly@little@net,8.72603382515335,30.009263221137697,0.9487858754852755
too!long!years,5.166585189158884,30.009263221137697,0.9450014555215918
newly@purpledicular@flattery,15.751509514775794,30.009263221137697,0.2344338049033276
solonghand,7.389629555219348,30.009263221137697,0.0009382529435986811
verybrighttear,11.212278511794315,30.009263221137697,0.9530103309274499
now.awful.goodness,14.412956195228249,30.009263221137697,0.9452228325431576
sosingleladies,10.152422450674942,30.009263221137697,0.24333971470504176
very.peculiar.tail,8.2491356662948,30.009263221137697,0.9442167705869984
hardly-old-man,10.05009077923123,30.009263221137697,0.9300109323870792
muchonlystrength,11.665726812278047,30.009263221137697,0.47560332291045415
dreadfullyhighcloth,7.573710771531824,30.009263221137697,0.9439015841178641
rather!sore!mighty,14.879596678391803,30.009263221137697,0.4611721122382421
very.long.tail,5.524305427791805,30.009263221137697,0.44974317768007965
so@bad@winking,7.560803377600636,30.009263221137697,0.9506008246378832
extremely!large!dogs,8.360764937585829,30.009263221137697,0.9508650589508737
sometimes-little-fish,5.335871233326172,30.009263221137697,0.2345230057505748
no@happier@rules,10.604211828173039,30.009263221137697,0.24509384523826314
absolutely.dullard.counts,16.831991538497633,30.009263221137697,0.9332690527701807
too!long!doggie,8.425737288926197,30.009263221137697,0.9529867892178868
somewhat.larger.quantity,9.329129173857565,30.009263221137697,0.01533165919916638
very@large@dogs,8.39289484746935,30.009263221137697,0.12076549893422935
distinctly.distant.while,13.209770544488327,30.009263221137697,0.4594496955162239
very!long!tail,5.524305427791805,30.009263221137697,0.44967657084740237
verylonggirls,9.079090795642896,30.009263221137697,0.9482331206677204
very-short-period,5.001727520388531,30.009263221137697,0.0037640928464364736
very.short.tail,4.822689797380954,30.009263221137697,0.457753998584228
very.much.create,11.770762924396303,30.009263221137697,0.9452328296803272
verystrongcry,8.16709039610954,30.009263221137697,0.9354874618797694
stilllittledoll,7.995699110451629,30.009263221137697,0.9442537075254855
very-long-tail,5.524305427791805,30.009263221137697,0.4497406337583101
very.long.tail,5.524305427791805,30.009263221137697,0.44974317768007965
very!round!tail,8.57961769001664,30.009263221137697,0.9482299574718999
too!high!melancholetta,7.889362212859638,30.009263221137697,0.9482147966757284
nomorediscretion,8.472381088464683,30.009263221137697,0.2335624893410773
most@dreadful@storm,4.851998656327579,30.009263221137697,0.942424270871117
thus!human!eyes,10.92930342654574,30.009263221137697,0.9354944625182892
verylittlevoid,8.172920644859891,30.009263221137697,0.9428477607206006
perhaps@young@fly,11.316634945892828,30.009263221137697,0.11324749757871215
most!dreadful!storm,4.851998656327579,30.009263221137697,0.4616261042050076
frankly!wikky!bikky,13.259177875348607,30.009263221137697,0.9506779511758431
very@circular@hound,10.566046881607694,30.009263221137697,0.9350471370151144
verylongtail,5.524305427791805,30.009263221137697,0.9300138711459822
aloud.fair.tone,13.098077685353996,30.009263221137697,0.9363152442149303
most-unpleasant-people,5.837915875742127,30.009263221137697,0.06047710979840968
most.poffsky.trees,7.302330805538137,30.009263221137697,0.9300143599475273
extremely.large.half,8.749296719453357,30.009263221137697,0.9533654453672559
very.dark.sash,8.71995088576119,30.009263221137697,0.4615771962298891
too.long.dress,8.010031680070146,30.009263221137697,0.9512134407209737
veryshorttail,4.822689797380954,30.009263221137697,0.9442555416472014
verybluebottle,11.517099165911205,30.009263221137697,0.9530067827769778
probably!chiefly!cucumbers,11.526475978186275,30.009263221137697,0.9403945768432176
longer.toasted.cheese,8.98261778129095,30.009263221137697,0.24435591484658492
very@hungry@one,11.520147005597293,30.009263221137697,0.9261264394336843
verylargebees,5.301440820138057,30.009263221137697,0.45258089142465163
more-violent-phrase,8.421982344956934,30.009263221137697,0.24300343438961094
most!dreadful!eye,8.001279825810437,30.009263221137697,0.4612529996800888
where-thankful-self,14.160211240367286,30.009263221137697,0.4771292755166233
very!long!coat,5.600152893657941,30.009263221137697,0.45631931291804784
very.long.room,8.3559315220438,30.009263221137697,0.45647659901971765
very@slender@rules,11.128012769023826,30.009263221137697,0.9266459684579081
sohighheights,8.17703746588039,30.009263221137697,0.4617064784444875
first@saddest@hands,11.460051809410595,30.009263221137697,0.9264777277152116
toomuchtalk,8.374290009374254,30.009263221137697,0.23534393881328014
most!dreadful!liberty,8.210928104647623,30.009263221137697,0.46001490637665904
no!longer!building,11.307708345339854,30.009263221137697,0.45591659397118467
too-long-legs,4.465376264781445,30.009263221137697,0.9442002394130494
very-long-tail,5.524305427791805,30.009263221137697,0.4497406337583101
verylongtail,5.524305427791805,30.009263221137697,0.9300138711459822
most.goblin.cries,7.528654958279211,30.009263221137697,0.46157660895678676
so!easy!love,7.958945172987178,30.009263221137697,0.06018802401844838
very.long.boxes,8.341023856404757,30.009263221137697,0.24283002945111531
very.simple.rule,4.8128618206694265,30.009263221137697,0.4492176842883827
so-fair-love,7.683768929602055,30.009263221137697,0.0037778906314094906
gravelyyounglady,13.54778191904346,30.009263221137697,0.4587879402803675
why.tikky.echo,14.402267260668328,30.009263221137697,0.9534250112397064
very@slender@rhymes,14.931326803585812,30.009263221137697,0.46161665938962027
where@supple@flickering,14.056451865547576,30.009263221137697,0.45882288252173076
most@primaeval@motion,7.002904939457754,30.009263221137697,0.9352146419616101
soon.curly.boxes,11.375616640867255,30.009263221137697,0.244129681685473
instinctively@larger@miles,16.766232937039184,30.009263221137697,0.46932004724986065
wherehighhorace,14.153207646324889,30.009263221137697,0.120065835046438
where.several.book,10.360570913335346,30.009263221137697,0.4587642410590431
somewhat-sunny-lamp,13.132430549202248,30.009263221137697,0.952558426552926
far.long.leaves,11.117235535854675,30.009263221137697,0.23440626187944946
slightly!buzzing!accent,8.682907537892024,30.009263221137697,0.459405079465995
so-tight-eyes,7.819744001175474,30.009263221137697,0.9264718254684158
mostdreadfulsun,8.616517085023277,30.009263221137697,0.11346150585341266
perfectlystrongleft,12.385707061634474,30.009263221137697,0.9397212866311487
exceedingly@large@ass,8.963231113677573,30.009263221137697,0.9294298658207497
very@easy@room,8.277352794349428,30.009263221137697,0.11267680589301718
extremely-wicked-boys,3.953902613567726,30.009263221137697,0.9401489585792061
verylargebees,5.301440820138057,30.009263221137697,0.45258089142465163
most!primaeval!motion,7.002904939457754,30.009263221137697,0.45774799661433163
naturally!candid!sleeves,14.879596678391803,30.009263221137697,0.9446798767489198
verybadmerit,11.981487423864362,30.009263221137697,0.9507710966348037
so!awful!answers,11.298798434752982,30.009263221137697,0.4573343635220733
madly!tiny!source,16.581991538497633,30.009263221137697,0.23452803347652554
once!ill!death,11.34621335316827,30.009263221137697,0.11950822674660135
very@short@meets,11.754627861347625,30.009263221137697,0.9433378154136506
very!long!tail,5.524305427791805,30.009263221137697,0.44967657084740237
too-fat-rhymes,12.30403706115584,30.009263221137697,0.4587619035184914
frankly@wild@border,13.031202605722287,30.009263221137697,0.9261306499208021
extremely@wicked@boys,3.953902613567726,30.009263221137697,0.9401489585792061
sobadfate,7.707041004424777,30.009263221137697,0.46167517572656397
too@new@broom,8.436002210339248,30.009263221137697,0.45939547497148403
sometimes!little!cloud,8.117914221391484,30.009263221137697,0.913896794950435
most-enormous-pyder,12.179883813135836,30.009263221137697,0.47299199196654035
sometimes-little-children,5.975031252875575,30.009263221137697,0.001884892047913819
blindlynewhens,16.65436819279638,30.009263221137697,0.4599160878638839
wherelittlefish,7.696341803626621,30.009263221137697,0.9503856135265736
quite!wide!pieces,14.909236812232527,30.009263221137697,0.24409744690899723
so@long@lumber,7.085193164988068,30.009263221137697,0.9296793398277994
very.short.tail,4.822689797380954,30.009263221137697,0.457753998584228
verylongtail,5.524305427791805,30.009263221137697,0.9300138711459822
exceedingly-large-pea,13.384109140989805,30.009263221137697,0.9488687859683789
thus!poffsky!scene,10.64504607864514,30.009263221137697,0.12005378497606058
extremely-large-nose,5.1444828846449635,30.009263221137697,0.9300032998636789
remarkably.barbary.cur,12.612952241699803,30.009263221137697,0.9444047457675218
