better-fatter,16.792606792959912,18.62016969923322,0.458757519827858
over-hot,9.913727087843418,18.62016969923322,0.9364830613077385
most!dreadful,10.563919987930673,18.62016969923322,0.060178230375689916
ashappy,5.781309798987345,18.62016969923322,0.45268437690133356
very-worse,14.309054844225834,18.62016969923322,0.24417515318089286
sowise,7.902835337329695,18.62016969923322,0.47551145424172864
quite@full,6.278809573906488,18.62016969923322,0.23451396743195713
very@short,5.730708177069981,18.62016969923322,0.003747925493047467
where@quick,13.670875760415239,18.62016969923322,0.9486042838737913
where@good,8.831017704279985,18.62016969923322,0.24431395904187875
nomore,4.383417696663979,18.62016969923322,0.9433762007320793
so!happy,5.489374366409044,18.62016969923322,0.9352185715820113
where.washerwomen,9.882177594350445,18.62016969923322,0.9506708876416137
perfectly.large,10.94174263567818,18.62016969923322,0.4598548974970812
so-full,5.756724907784715,18.62016969923322,0.9442796224399953
wholly!open,16.792606792959912,18.62016969923322,0.46151627036630594
soon!plural,14.947842489417662,18.62016969923322,0.23531094796777907
so-white,4.762151988802221,18.62016969923322,0.11272977638498906
remarkably@square,6.593819685785397,18.62016969923322,0.24417693168386856
ladye.fair,7.456946079985144,18.62016969923322,0.9444366347197085
solong,4.637871396688131,18.62016969923322,0.9450190234073377
so@heavy,12.957600055278972,18.62016969923322,0.9423149686927585
pretty!full,10.78495273786305,18.62016969923322,0.46178149733659
very!tail,9.08693063607768,18.62016969923322,0.9505544866003706
very.slingsby,14.258387146410819,18.62016969923322,0.9507871243430862
extremely.hungry,10.2566403431011,18.62016969923322,0.9205995220587861
so.neat,4.588123314376041,18.62016969923322,0.932919024630549
already!blue,11.944657945712251,18.62016969923322,0.942677437195434
so-long,4.637871396688131,18.62016969923322,0.9328705292331699
very!long,6.143325211471563,18.62016969923322,0.4593963837624498
no@more,4.383417696663979,18.62016969923322,0.015256664615257145
still-torn,8.96679995769034,18.62016969923322,0.24525641372951512
gradually!stupid,16.792606792959912,18.62016969923322,0.9523040917440677
so@much,5.16733036746142,18.62016969923322,0.9425399722785537
too-welcome,14.362524669012169,18.62016969923322,0.45631866387343156
veryyellow,9.632973433387564,18.62016969923322,0.9488606082100854
farlong,9.576620498017936,18.62016969923322,0.9333076209528667
once!more,5.052494660616315,18.62016969923322,0.014982757242466095
so!bright,4.827648563975448,18.62016969923322,0.9442552546982091
scarcely@human,8.18749654840858,18.62016969923322,0.45929659160947295
nearer@fine,12.167197077545458,18.62016969923322,0.4599159624985313
where!other,6.25153240839645,18.62016969923322,0.23452988484074916
wherepainful,13.425220562359835,18.62016969923322,0.1189593617041916
upsidownia.dear,12.074099963345317,18.62016969923322,0.4484339020459715
too-fine,9.737114953597716,18.62016969923322,0.9452913421643415
most@dreadful,10.563919987930673,18.62016969923322,0.9510894172224369
as-clear,5.109383522021343,18.62016969923322,0.23453290022545487
so!late,7.990510853371249,18.62016969923322,0.9329190677526307
scarcelyfrill,11.859875686189136,18.62016969923322,0.9333095128397564
so@fine,5.430998592079901,18.62016969923322,0.4578100628309965
too@gay,5.166483034097875,18.62016969923322,0.06047502311559419
much-ill,14.955496205565431,18.62016969923322,0.46957627110827665
so@nice,5.439524322134733,18.62016969923322,0.9505818948148547
very.sleek,14.063399646170431,18.62016969923322,0.23451970746957915
neverdainty,17.082191948533826,18.62016969923322,0.9146604055698779
ladye.fair,7.456946079985144,18.62016969923322,0.9444366347197085
no-more,4.383417696663979,18.62016969923322,0.014721080335111865
very-crimson,14.063399646170431,18.62016969923322,0.9490062946062514
much@wrong,9.752136543205863,18.62016969923322,0.4563249173583608
wholly.devoid,12.300493066272468,18.62016969923322,0.4497281964425807
no!less,6.163713329026609,18.62016969923322,0.9442666419426334
most-interesting,6.185377779728202,18.62016969923322,0.0037705403587801616
so!idle,10.056408307494353,18.62016969923322,0.9294375557053155
wildly@silvery,16.85682181894071,18.62016969923322,0.06041074552919083
also!able,11.768266417941689,18.62016969923322,0.953003679824946
cheerfully.high,12.074098413217923,18.62016969923322,0.23452877894560706
very!bad,6.328279644417047,18.62016969923322,0.23451380898168048
very-bad,6.328279644417047,18.62016969923322,0.23451356468263584
quiteobliged,14.792893059485658,18.62016969923322,0.9297346404233775
so@shiny,9.697681623485357,18.62016969923322,0.4540516410498895
most.interesting,6.185377779728202,18.62016969923322,0.0037703772899718192
elsestupid,16.792606792959912,18.62016969923322,0.12086712407370309
so.pretty,5.3673599611201865,18.62016969923322,0.23445785805818328
horribly-bored,12.054854746877265,18.62016969923322,0.9334078592631695
soslender,10.251395807734738,18.62016969923322,0.45931058995570617
rather!uncertain,5.224013618094891,18.62016969923322,0.24408580568060922
purelygay,11.619607175581214,18.62016969923322,0.24326536580181146
too!dark,9.718506924532536,18.62016969923322,0.945291161393405
rather-apt,14.52274697948547,18.62016969923322,0.94400893586384
so-shiny,9.697681623485357,18.62016969923322,0.4540516698519522
exceedingly@wide,6.847767173947798,18.62016969923322,0.948784018727951
completely!umber,11.647407485684406,18.62016969923322,0.45394615417757217
so-less,8.798794345045282,18.62016969923322,0.9447777506209233
suddenly.fat,12.223834747084096,18.62016969923322,0.9527214248572363
most-dreadful,10.563919987930673,18.62016969923322,0.46125300810636555
most.eminent,5.657073825407111,18.62016969923322,0.45265964102285766
most@fearful,11.118117326051234,18.62016969923322,0.9508346399356618
verynumerous,10.65860130678222,18.62016969923322,0.9498672960124036
as@happy,5.781309798987345,18.62016969923322,0.9450880879753369
in@more,8.26708556932684,18.62016969923322,0.9174914299642806
verylong,6.143325211471563,18.62016969923322,0.9500568811416996
faintly!placid,16.987594293200296,18.62016969923322,0.23357198776027457
too!upset,9.429793562241395,18.62016969923322,0.47712888834667355
mostunpleasant,10.923129825810848,18.62016969923322,0.01486786861525172
partially.obscure,11.526550792556172,18.62016969923322,0.9398520470311283
i’d!thin,9.544649489552851,18.62016969923322,0.4700168289314978
horribly@calcutta,11.500554397229472,18.62016969923322,0.1122296999456614
course.familiar,12.370030379465652,18.62016969923322,0.950088932990617
too!fat,6.129920443480934,18.62016969923322,0.45775357622410007
very@simple,10.65860130678222,18.62016969923322,0.9353080548056957
very@long,6.143325211471563,18.62016969923322,0.4593963831389116
most!interesting,6.185377779728202,18.62016969923322,0.003770538452532892
particularly!careful,12.054854746877265,18.62016969923322,0.46930799801473383
so!fine,5.430998592079901,18.62016969923322,0.45728325725538305
most-satisfactory,10.923129825810848,18.62016969923322,0.9156273052746133
quite@full,6.278809573906488,18.62016969923322,0.23451396743195713
so!neat,4.588123314376041,18.62016969923322,0.932957600677729
mostdreadful,10.563919987930673,18.62016969923322,0.4611708201775092
continually.black,9.365782347285744,18.62016969923322,0.9506793904274635
so.nigh,7.7603655585464395,18.62016969923322,0.4754612795179857
so!fast,4.917361989491533,18.62016969923322,0.47291971680097283
gladly@verbal,16.792606792959912,18.62016969923322,0.47554957454656344
most.interesting,6.185377779728202,18.62016969923322,0.0037703772899718192
quite.full,6.278809573906488,18.62016969923322,0.23451396742538022
less-else,14.984650485982211,18.62016969923322,0.457816241507643
also@advantageous,16.792606792959912,18.62016969923322,0.45986482876009604
quite.pleased,9.934259002506627,18.62016969923322,0.4730005680265243
so!bad,5.726086645129183,18.62016969923322,0.4578190523929866
ashappy,5.781309798987345,18.62016969923322,0.45268437690133356
as!happy,5.781309798987345,18.62016969923322,0.9450864648370674
soneat,4.588123314376041,18.62016969923322,0.46946535159083674
sotight,4.588123314376041,18.62016969923322,0.9332715527163169
very.fidgety,10.65860130678222,18.62016969923322,0.4616125643399595
so-airy,7.665547659548533,18.62016969923322,0.24326976434001973
so.full,5.756724907784715,18.62016969923322,0.9442499135811685
so@long,4.637871396688131,18.62016969923322,0.9330633915557446
so-neat,4.588123314376041,18.62016969923322,0.9332687524812225
very@wide,9.051291133929093,18.62016969923322,0.45965212076939427
perfectlypale,10.334576575177493,18.62016969923322,0.9329497781706648
wholly@devoid,12.300493066272468,18.62016969923322,0.9487211053855624
rather@uncertain,5.224013618094891,18.62016969923322,0.24408526797178628
so.yellow,5.625982094711486,18.62016969923322,0.939729326438353
more@violent,5.9469500108062165,18.62016969923322,0.45405975193318376
so@white,4.762151988802221,18.62016969923322,0.1127299103874166
so!warm,7.876619563285676,18.62016969923322,0.46168631087486744
thushuman,10.064097672781829,18.62016969923322,0.45945250015908756
scarcelyhuman,8.18749654840858,18.62016969923322,0.24525136397490016
elderly-annoyed,11.859875686189136,18.62016969923322,0.45379376921329695
so!easy,10.194754140587301,18.62016969923322,0.9261416331837807
immenselycurious,12.300493066272468,18.62016969923322,0.9297264026544102
more.more,9.597778111869536,18.62016969923322,0.9503858791929454
once!more,5.052494660616315,18.62016969923322,0.014982757242466095
wholly.devoid,12.300493066272468,18.62016969923322,0.4497281964425807
most@copious,10.923129825810848,18.62016969923322,0.4596451232727821
as.clear,5.109383522021343,18.62016969923322,0.23453290821959002
so-much,5.16733036746142,18.62016969923322,0.47551518478302657
quite@full,6.278809573906488,18.62016969923322,0.23451396743195713
most@interesting,6.185377779728202,18.62016969923322,0.0037705177222486386
extremely@hungry,10.2566403431011,18.62016969923322,0.9202388801769
entirely!dark,12.148589048480277,18.62016969923322,0.9507403725049564
queenlycalm,12.274506442507914,18.62016969923322,0.4755267980922634
most@sumptuous,14.586962005466273,18.62016969923322,0.9508761656168015
ratheruncertain,5.224013618094891,18.62016969923322,0.9529532455982246
whystainless,13.747961922761222,18.62016969923322,0.469350488326007
so!peculiar,8.219848009196324,18.62016969923322,0.9531545515632045
partially.opsibeena,11.526550792556172,18.62016969923322,0.9486508851128527
outfree,9.92934667895349,18.62016969923322,0.9333808103764936
sometimeshigh,10.158832741277768,18.62016969923322,0.952933482740037
roundboundless,14.96338967778126,18.62016969923322,0.9487853261928046
very!long,6.143325211471563,18.62016969923322,0.4593963837624498
sometimes-little,6.470008742083571,18.62016969923322,0.9529185673922446
ladye.gay,7.6226104077376045,18.62016969923322,0.9508978065674287
queenly-weary,12.859774421336015,18.62016969923322,0.12010496018646537
very-short,5.730708177069981,18.62016969923322,0.0037479254931136225
most-dreadful,10.563919987930673,18.62016969923322,0.46125300810636555
so.grand,5.293237592967896,18.62016969923322,0.9300106679986364
too@long,5.368680969583937,18.62016969923322,0.11323146621570523
unpleasantly.severe,4.873533074533369,18.62016969923322,0.9529911595662768
carefully.close,16.899916157922366,18.62016969923322,0.9347760134023988
mostpraiseworthy,5.657073825407111,18.62016969923322,0.9355231958936308
most.dreadful,10.563919987930673,18.62016969923322,0.11951303372808887
so.long,4.637871396688131,18.62016969923322,0.9329529233204663
rather.uncertain,5.224013618094891,18.62016969923322,0.2440857539374415
surelyfierce,14.52274697948547,18.62016969923322,0.45985365006461204
rather-dim,9.759003424003863,18.62016969923322,0.45880552378629064
so.grand,5.293237592967896,18.62016969923322,0.9300106679986364
aswide,8.406764888020081,18.62016969923322,0.4598675836063482
starlike.better,16.792606792959912,18.62016969923322,0.9449989224142823
half.strange,13.039510901033461,18.62016969923322,0.24335212740256412
then@close,13.29070531522657,18.62016969923322,0.4695742787144994
profoundly!dark,6.882533048076539,18.62016969923322,0.9489066404029756
already!foeman,16.792606792959912,18.62016969923322,0.45939436348405854
very!weary,10.130567274546534,18.62016969923322,0.4588200317996531
as@desperate,10.259460484416286,18.62016969923322,0.9425334310611637
farbig,9.133169535348323,18.62016969923322,0.9439051907355593
no!more,4.383417696663979,18.62016969923322,0.015026956633381007
hys!happier,9.784994933402825,18.62016969923322,0.9530377641071718
soblind,5.456993655100504,18.62016969923322,0.059894481988892315
so!pretty,5.3673599611201865,18.62016969923322,0.23453019631580713
remarkably@thumping,16.792606792959912,18.62016969923322,0.9156546235853488
utterly@silken,16.987594293200296,18.62016969923322,0.9531502741705346
once!more,5.052494660616315,18.62016969923322,0.014982757242466095
so.advantageous,10.056408307494353,18.62016969923322,0.9530043582868407
onlypretty,9.872975806512665,18.62016969923322,0.9297326335126972
as!hard,10.007790676626279,18.62016969923322,0.24431395076596116
horribly@square,11.526550792556172,18.62016969923322,0.935218617007852
in!less,5.879429688080848,18.62016969923322,0.9447206041011947
wisely@faint,12.102994044590453,18.62016969923322,0.2366707770292126
wisely!more,12.006127921934976,18.62016969923322,0.9534745689446351
very!large,6.325389331797572,18.62016969923322,0.45655540271695433
where!alive,8.687468516277187,18.62016969923322,0.24327281828229536
as-happy,5.781309798987345,18.62016969923322,0.9450854313799683
extremelyloud,14.781949505706656,18.62016969923322,0.4596571262600654
casually.little,12.98468906641758,18.62016969923322,0.9513258564255134
ratherlarger,10.49006961849863,18.62016969923322,0.9438771675935632
thustaneous,14.177094190645713,18.62016969923322,0.9505238627865173
soonfine,10.32243277400321,18.62016969923322,0.44981563352992016
madlydoggie,12.583133384911207,18.62016969923322,0.46952550105772833
asdeep,8.63738638621884,18.62016969923322,0.9447910778777288
well!wrong,9.085190385462033,18.62016969923322,0.9433818365358084
as!happy,5.781309798987345,18.62016969923322,0.9450864648370674
as!clear,5.109383522021343,18.62016969923322,0.23453281040795165
perfectly-red,5.927147867081373,18.62016969923322,0.06025009783999502
most.eminent,5.657073825407111,18.62016969923322,0.45265964102285766
incredibly!twikky,16.792606792959912,18.62016969923322,0.9401348622850034
neverpoor,17.082191948533826,18.62016969923322,0.9534135804798848
quite.full,6.278809573906488,18.62016969923322,0.23451396742538022
so!gentle,10.120623333475152,18.62016969923322,0.9398507763018905
horriblybored,12.054854746877265,18.62016969923322,0.9447661385965663
so!full,5.756724907784715,18.62016969923322,0.9442532309254213
more.furious,9.451525876123695,18.62016969923322,0.23538456781187134
where-distressed,13.62020806260022,18.62016969923322,0.9443062783241746
pluffskin.unaided,17.899916157922362,18.62016969923322,0.23451813491843893
so@long,4.637871396688131,18.62016969923322,0.9330633915557446
very!long,6.143325211471563,18.62016969923322,0.4593963837624498
so!thick,5.0893191055866325,18.62016969923322,0.2352059684358089
sicklybad,12.462285130594742,18.62016969923322,0.9442123813172285
alwayspolite,6.289357020398271,18.62016969923322,0.4600354586173609
so!wild,5.475155251005008,18.62016969923322,0.9265476616906759
so@rich,8.465494767847575,18.62016969923322,0.9490138608875753
so-full,5.756724907784715,18.62016969923322,0.9442796224399953
deeply!odious,12.054854746877265,18.62016969923322,0.11999491685057521
so.remarkable,10.056408307494353,18.62016969923322,0.9512425332262604
more-unexpected,14.38425698289447,18.62016969923322,0.11364938550324519
very!long,6.143325211471563,18.62016969923322,0.4593963837624498
very@terrified,14.063399646170431,18.62016969923322,0.46167144799371396
so-nice,5.439524322134733,18.62016969923322,0.950466007874845
quite.small,9.944711778677652,18.62016969923322,0.9442568178804525
perfectly.dark,10.271815782346769,18.62016969923322,0.9490091648361041
first!harder,9.461048926855954,18.62016969923322,0.45957092766248503
horribly!vague,6.957785853579012,18.62016969923322,0.9513398890605365
too-high,5.6209742717345845,18.62016969923322,0.4589915927840952
rather-uncertain,5.224013618094891,18.62016969923322,0.24408580188408316
so.bright,4.827648563975448,18.62016969923322,0.930020174021873
so!much,5.16733036746142,18.62016969923322,0.23452463145755753
quickly!fair,9.962190839696506,18.62016969923322,0.24182607567246
so!thin,5.192503248793614,18.62016969923322,0.9352388354368106
perfectly-sure,10.623753147136481,18.62016969923322,0.2432169486719584
exceedingly!roast,11.833879734979645,18.62016969923322,0.9400837544890646
rather!alarmed,14.52274697948547,18.62016969923322,0.24326526455541977
mostfearful,11.118117326051234,18.62016969923322,0.46156397735021704
soshiny,9.697681623485357,18.62016969923322,0.12069199901385295
very@long,6.143325211471563,18.62016969923322,0.4593963831389116
round-low,10.051131290312094,18.62016969923322,0.9447911628706226
then@quick,13.429051148319518,18.62016969923322,0.45700986049724046
downstairs@surly,11.526550792556172,18.62016969923322,0.9297410531688881
very-stout,8.828895135443142,18.62016969923322,0.4540517037294615
so@bright,4.827648563975448,18.62016969923322,0.47110485320379775
better!long,12.277330697649258,18.62016969923322,0.24432062309464364
too-fat,6.129920443480934,18.62016969923322,0.45780959492333906
then.uncombed,13.183395950264117,18.62016969923322,0.1190162986695358
so.thick,5.0893191055866325,18.62016969923322,0.23356837339697128
extremely!large,6.282549451952877,18.62016969923322,0.9441958920218441
perfectly.thin,10.051928468125661,18.62016969923322,0.24286327777504169
so!dear,5.33790147787976,18.62016969923322,0.003788243801489999
together-keenest,14.566531611031063,18.62016969923322,0.9300210496775879
rather-uncertain,5.224013618094891,18.62016969923322,0.24408580188408316
ladye!fair,7.456946079985144,18.62016969923322,0.944436634719459
very-simple,10.65860130678222,18.62016969923322,0.24430829254776326
much.much,10.770689213854098,18.62016969923322,0.4527476399908562
too@flat,9.403797611031903,18.62016969923322,0.45370138680016
where-dark,8.781202817880201,18.62016969923322,0.9512366029007783
most@swaying,14.586962005466273,18.62016969923322,0.45986229769245485
so-fidgety,12.957600055278972,18.62016969923322,0.950901929290923
rather.uncertain,5.224013618094891,18.62016969923322,0.2440857539374415
somore,8.171121184254035,18.62016969923322,0.2418859596595592
once!more,5.052494660616315,18.62016969923322,0.014982757242466095
darkly-thin,10.013436062319016,18.62016969923322,0.06016691896675463
very@full,6.920807065159795,18.62016969923322,0.4771465290547104
very!gay,8.890400028791733,18.62016969923322,0.9433818484944456
in.much,8.868757448640443,18.62016969923322,0.45268270080281175
toocurly,5.7659613825859735,18.62016969923322,0.459867397933186
so.grand,5.293237592967896,18.62016969923322,0.9300106679986364
too-gay,5.166483034097875,18.62016969923322,0.060176634529678044
that!fair,4.767867390460349,18.62016969923322,0.477143255053072
anither-witchy,15.298352589631023,18.62016969923322,0.9447924735161932
very!rough,10.65860130678222,18.62016969923322,0.11272405170158012
toolast,9.71782796268681,18.62016969923322,0.9508916593304464
long@low,5.794557224672133,18.62016969923322,0.9438829689922932
though.dark,9.10641157321079,18.62016969923322,0.23536895449399373
extremely@hungry,10.2566403431011,18.62016969923322,0.9202388801769
quite@veal,9.860136634502426,18.62016969923322,0.9156585221991038
sowhite,4.762151988802221,18.62016969923322,0.9531326602173363
wholly@busy,16.792606792959912,18.62016969923322,0.951234126293155
consequentlyclose,16.899916157922366,18.62016969923322,0.9300200722927258
very@long,6.143325211471563,18.62016969923322,0.4593963831389116
lively!old,6.945585727964879,18.62016969923322,0.4754549525011428
ghastly-dark,12.148589048480277,18.62016969923322,0.9438169718642115
so@thin,5.192503248793614,18.62016969923322,0.9364982393157424
very@long,6.143325211471563,18.62016969923322,0.4593963831389116
twikky-excellent,9.590015872714696,18.62016969923322,0.45386425725119134
where-random,13.425220562359835,18.62016969923322,0.45876805323370146
quitepink,9.349997521757244,18.62016969923322,0.9363203349621884
guiltilyblack,11.837512727269994,18.62016969923322,0.12076063581183265
too@high,5.6209742717345845,18.62016969923322,0.45899159317798366
’twas-wrong,4.571321948614982,18.62016969923322,0.23685007157573018
where-whimsical,13.425220562359835,18.62016969923322,0.9254697414444676
so-easy,10.194754140587301,18.62016969923322,0.9261414900013923
such-better,14.066194411252612,18.62016969923322,0.4573156606293784
very@long,6.143325211471563,18.62016969923322,0.4593963831389116
scarcely!jawe,16.792606792959912,18.62016969923322,0.45992159519796094
lightly-true,12.539014821501068,18.62016969923322,0.9401550193227086
always@distressing,14.877341121019755,18.62016969923322,0.9486033823315889
remarkablysquare,6.593819685785397,18.62016969923322,0.9256026626852997
rather!uncertain,5.224013618094891,18.62016969923322,0.24408580568060922
remarkably@square,6.593819685785397,18.62016969923322,0.24417693168386856
so-idle,10.056408307494353,18.62016969923322,0.9294374454643817
so.absolute,10.056408307494353,18.62016969923322,0.9510621309821826
incessantly-very,13.470450958052892,18.62016969923322,0.001869923468466955
so@loud,10.251395807734738,18.62016969923322,0.24403956998023585
most-eminent,5.657073825407111,18.62016969923322,0.015146885045994112
most!interesting,6.185377779728202,18.62016969923322,0.003770538452532892
most@interesting,6.185377779728202,18.62016969923322,0.0037705177222486386
mostfearful,11.118117326051234,18.62016969923322,0.46156397735021704
immediately@free,12.028863237478301,18.62016969923322,0.4565282641084136
so.remarkable,10.056408307494353,18.62016969923322,0.9512425332262604
most.interesting,6.185377779728202,18.62016969923322,0.0037703772899718192
extremely!hungry,10.2566403431011,18.62016969923322,0.9206430414448823
very.larger,14.063399646170431,18.62016969923322,0.9530016971507267
quite!uncombed,14.264572225911941,18.62016969923322,0.9364640209096639
dreadfully!high,4.892776740874028,18.62016969923322,0.47713608136918934
gradually.ree,11.526550792556172,18.62016969923322,0.9488577250457756
most!dreadful,10.563919987930673,18.62016969923322,0.060178230375689916
most-copious,10.923129825810848,18.62016969923322,0.9530010963076675
very!long,6.143325211471563,18.62016969923322,0.4593963837624498
always@polite,6.289357020398271,18.62016969923322,0.47115896340500824
quite-full,6.278809573906488,18.62016969923322,0.23451396742504224
so!gaunt,12.957600055278972,18.62016969923322,0.46161192987882
’twere.hard,9.718594485578471,18.62016969923322,0.11815435981314008
never!big,12.12346489055356,18.62016969923322,0.1207687587140596
nevermore,8.308047032331968,18.62016969923322,0.9364498902327261
sobright,4.827648563975448,18.62016969923322,0.2335045479850782
sopretty,5.3673599611201865,18.62016969923322,0.44981075447289653
more!more,9.597778111869536,18.62016969923322,0.9503858794055822
too@wide,5.6865839771154105,18.62016969923322,0.9259420939747647
wellwicked,14.288550047821596,18.62016969923322,0.9333660126724824
allhungry,13.506877125717105,18.62016969923322,0.9206201401910024
verythick,9.09631044426271,18.62016969923322,0.4594433898814245
threedly.plum,10.76441211424249,18.62016969923322,0.9433875732925641
allelastic,13.506877125717105,18.62016969923322,0.9202505336718055
often-mutton,14.877341121019755,18.62016969923322,0.9507701837240744
suddenly@asleep,12.300493066272468,18.62016969923322,0.9300196052817795
so.awful,9.748349321300374,18.62016969923322,0.0037778859466733876
mostfearful,11.118117326051234,18.62016969923322,0.46156397735021704
as!good,5.665257626336437,18.62016969923322,0.015250455317498527
nightly-polite,12.054854746877265,18.62016969923322,0.9515331746990124
scarcelyhuman,8.18749654840858,18.62016969923322,0.24525136397490016
sosingular,12.957600055278972,18.62016969923322,0.9264114094665943
most-dreadful,10.563919987930673,18.62016969923322,0.46125300810636555
most!satisfactory,10.923129825810848,18.62016969923322,0.9156273052772202
no!more,4.383417696663979,18.62016969923322,0.015026956633381007
quite@round,5.913110295111953,18.62016969923322,0.9405338697497687
mostfearful,11.118117326051234,18.62016969923322,0.46156397735021704
mostfearful,11.118117326051234,18.62016969923322,0.46156397735021704
darkly!richest,14.877341121019755,18.62016969923322,0.9484667443747721
once!more,5.052494660616315,18.62016969923322,0.014982757242466095
soon!calm,10.429742138965661,18.62016969923322,0.45739727496030214
quite-blue,5.873580410654888,18.62016969923322,0.9398094673052243
so.young,7.076143460192909,18.62016969923322,0.47542793666077926
so.happy,5.489374366409044,18.62016969923322,0.9352186043162521
very-peculiar,5.920849260699571,18.62016969923322,0.9400836678693122
so.grand,5.293237592967896,18.62016969923322,0.9300106679986364
too@curly,5.7659613825859735,18.62016969923322,0.4711496156051041
too!rough,14.362524669012169,18.62016969923322,0.4615553970353949
quite@full,6.278809573906488,18.62016969923322,0.23451396743195713
quicklylarge,10.967465255852332,18.62016969923322,0.24417188299125095
most!unhappily,10.923129825810848,18.62016969923322,0.014912094397421449
so.grand,5.293237592967896,18.62016969923322,0.9300106679986364
so@fast,4.917361989491533,18.62016969923322,0.4730074962787037
quickly!wide,9.929447634759216,18.62016969923322,0.9433376783756453
ratherready,10.2566403431011,18.62016969923322,0.23520381077832075
’twasbad,9.84880397912684,18.62016969923322,0.4513989638202777
suddenly-devoid,16.792606792959912,18.62016969923322,0.23352226845258184
so!awful,9.748349321300374,18.62016969923322,0.003777886027093675
extremely@wicked,10.2566403431011,18.62016969923322,0.9205983619145681
so@bright,4.827648563975448,18.62016969923322,0.47110485320379775
so@gentle,10.120623333475152,18.62016969923322,0.4616252306150763
abominably!little,11.069423394477424,18.62016969923322,0.9451259865786538
perfectly!red,5.927147867081373,18.62016969923322,0.06047059274286514
blindly-cheerful,16.792606792959912,18.62016969923322,0.0018703284312495633
very.dusty,10.65860130678222,18.62016969923322,0.9524979199383157
quitefays,8.998516225508201,18.62016969923322,0.45957666598728864
too!mighty,14.362524669012169,18.62016969923322,0.0151731222124732
so-monthly,12.957600055278972,18.62016969923322,0.9352002818640919
as@only,9.834079594370268,18.62016969923322,0.015225584320729159
thats.undoubted,15.685297427997456,18.62016969923322,0.9439974038135848
so-crowded,10.056408307494353,18.62016969923322,0.9515330820191013
extremely-wicked,10.2566403431011,18.62016969923322,0.9203162828919934
unpleasantlystately,14.877341121019755,18.62016969923322,0.120049314993502
quickly@large,10.967465255852332,18.62016969923322,0.4709995332764128
all!formal,10.602170717114452,18.62016969923322,0.23315875530106484
always!gray,9.785634009483624,18.62016969923322,0.11360817464326843
as.wise,5.20469576646701,18.62016969923322,0.24404002834048044
back-blue,10.27724977292368,18.62016969923322,0.01530663423360022
where-scared,13.62020806260022,18.62016969923322,0.9482290663696543
so!grand,5.293237592967896,18.62016969923322,0.930010741290661
daily!capable,16.792606792959912,18.62016969923322,0.9530388889619839
nomore,4.383417696663979,18.62016969923322,0.9433762007320793
even.melancholy,9.399621718984584,18.62016969923322,0.9482146285682246
extremelyaghast,9.36763723055739,18.62016969923322,0.47704240888691246
ghastly!slight,11.859875686189136,18.62016969923322,0.9482051557830995
sweetly!awake,16.792606792959912,18.62016969923322,0.9428223106955369
asmany,10.107644103912582,18.62016969923322,0.9442522255608438
reallyloving,14.877341121019755,18.62016969923322,0.24412323977042502
soonbitter,15.021973296529808,18.62016969923322,0.45993631784308564
so-dark,8.313582310799339,18.62016969923322,0.24267300065710376
so!deep,5.274921293451774,18.62016969923322,0.9355213922436778
down@forlorn,9.471674053691434,18.62016969923322,0.9416499130002122
uneasily@low,11.880348405490748,18.62016969923322,0.23600765427116688
so@bright,4.827648563975448,18.62016969923322,0.47110485320379775
very!large,6.325389331797572,18.62016969923322,0.45655540271695433
toodreary,14.362524669012169,18.62016969923322,0.9489564938666561
so@high,5.337899927752365,18.62016969923322,0.9447183676563314
once@more,5.052494660616315,18.62016969923322,0.014982762444281785
sofast,4.917361989491533,18.62016969923322,0.453395574002524
always@best,10.350881521439918,18.62016969923322,0.9442286974306936
ghastly@clear,11.642529830564968,18.62016969923322,0.24508812022764787
grandly@high,12.074098413217923,18.62016969923322,0.9506011609197268
exceedingly-wide,6.847767173947798,18.62016969923322,0.9487850312320957
quite-full,6.278809573906488,18.62016969923322,0.23451396742504224
most-eminent,5.657073825407111,18.62016969923322,0.015146885045994112
assqueaky,13.418873400261418,18.62016969923322,0.9527214128465327
most-fearful,11.118117326051234,18.62016969923322,0.45781759378498504
extremely!large,6.282549451952877,18.62016969923322,0.9441958920218441
sofull,5.756724907784715,18.62016969923322,0.9261354400831096
verylarge,6.325389331797572,18.62016969923322,0.9513368056732948
extremely@large,6.282549451952877,18.62016969923322,0.9447451618277531
much.pleased,6.721479578071208,18.62016969923322,0.24508679247083556
entirely@most,12.630467233418107,18.62016969923322,0.11836506942810412
slightly@praiseworthy,11.526550792556172,18.62016969923322,0.06047164459200266
so@short,8.388828009403156,18.62016969923322,0.4498160552617319
at-last,4.481261385688145,18.62016969923322,0.4596511052279947
soneat,4.588123314376041,18.62016969923322,0.46946535159083674
carefully@good,12.198403934880062,18.62016969923322,0.9483986295212182
quailylurxy,9.590024312415068,18.62016969923322,0.4771255283791248
very-sic,12.956090281207977,18.62016969923322,0.9442436021741346
where!instructive,13.425220562359835,18.62016969923322,0.11272050432732018
guiltilythinner,11.492192115470786,18.62016969923322,0.9486529162488995
excessively.vague,6.957785853579012,18.62016969923322,0.9452957358033672
ceremoniousglad,12.67962715197918,18.62016969923322,0.9515403806664262
perfectly!ripe,9.983102420055626,18.62016969923322,0.46148474054743166
very-best,6.132141707202379,18.62016969923322,0.9531298716068546
so@red,8.040075724256017,18.62016969923322,0.477046930483802
quitefull,6.278809573906488,18.62016969923322,0.1207606578156942
so-thin,5.192503248793614,18.62016969923322,0.9355229880408341
so-full,5.756724907784715,18.62016969923322,0.9442796224399953
too!gay,5.166483034097875,18.62016969923322,0.0595696373467662
very!long,6.143325211471563,18.62016969923322,0.4593963837624498
rathercold,5.860849913805147,18.62016969923322,0.9401498622267834
very-long,6.143325211471563,18.62016969923322,0.45939638360556495
nomore,4.383417696663979,18.62016969923322,0.9433762007320793
so!dark,8.313582310799339,18.62016969923322,0.2430247825680887
too!fine,9.737114953597716,18.62016969923322,0.9452912767451616
so!scared,10.251395807734738,18.62016969923322,0.9297264025825993
already-bitter,16.86673760007206,18.62016969923322,0.4771115320936531
too.wide,5.6865839771154105,18.62016969923322,0.9259420927152074
respectively-black,4.634921807024779,18.62016969923322,0.9261311710909509
here@full,10.437950400307196,18.62016969923322,0.11414684903855703
anxiously.close,16.899916157922366,18.62016969923322,0.1132518204763946
perhapssmall,9.768300169210535,18.62016969923322,0.45895339909509353
so-full,5.756724907784715,18.62016969923322,0.9442796224399953
continually-sad,9.645269059416448,18.62016969923322,0.9515223033032334
long-aghast,9.004549836799132,18.62016969923322,0.11902028932930223
clearly-hard,16.899916157922366,18.62016969923322,0.45394614830664926
rather!hearty,9.590015872714696,18.62016969923322,0.9530008115018949
rathersmooth,15.051067813059193,18.62016969923322,0.9260519774067246
at@last,4.481261385688145,18.62016969923322,0.4594066486174532
more-more,9.597778111869536,18.62016969923322,0.9503858792940424
so.long,4.637871396688131,18.62016969923322,0.9329529233204663
as.sick,13.557219233354367,18.62016969923322,0.953024846443886
’twere!hard,9.718594485578471,18.62016969923322,0.03007450170843535
no.more,4.383417696663979,18.62016969923322,0.014983275814963119
long-better,14.223874611708013,18.62016969923322,0.9505881799515329
course!cruel,16.969445031859504,18.62016969923322,0.4599160276444778
sowhite,4.762151988802221,18.62016969923322,0.9531326602173363
quite.dry,6.122114605508698,18.62016969923322,0.9505638217352338
aboutmuch,10.317082363204898,18.62016969923322,0.9528635236620084
so.sweet,5.23139705776205,18.62016969923322,0.9333114581793428
very@bad,6.328279644417047,18.62016969923322,0.2345138213838544
verylarge,6.325389331797572,18.62016969923322,0.9513368056732948
too!gay,5.166483034097875,18.62016969923322,0.0595696373467662
very@much,6.114673231234462,18.62016969923322,0.457254394423429
so.happy,5.489374366409044,18.62016969923322,0.9352186043162521
distinctly.stout,11.558102282232623,18.62016969923322,0.46001782629752047
still@cheerful,13.899531064461115,18.62016969923322,0.9504291220144544
where.mortal,13.425220562359835,18.62016969923322,0.9530412428997418
very-hungry,14.063399646170431,18.62016969923322,0.4599187858294675
so!long,4.637871396688131,18.62016969923322,0.9329475315965045
so!happy,5.489374366409044,18.62016969923322,0.9352185715820113
toogay,5.166483034097875,18.62016969923322,0.059561871649097896
exceedinglywide,6.847767173947798,18.62016969923322,0.9333778503225072
truly.beautiful,8.008385148854726,18.62016969923322,0.4570965102657498
ladye-fair,7.456946079985144,18.62016969923322,0.9444366347196442
too.gracious,9.870410942324726,18.62016969923322,0.9528042447622854
asbig,5.30073342643602,18.62016969923322,0.4572407200811633
where!crimson,13.425220562359835,18.62016969923322,0.4695240200674117
very.fast,5.878281672788393,18.62016969923322,0.12085872135743468
most@satisfactory,10.923129825810848,18.62016969923322,0.9156273052736292
rather!hungry,10.49006961849863,18.62016969923322,0.9300105804023552
so@long,4.637871396688131,18.62016969923322,0.9330633915557446
away@green,11.216694287912752,18.62016969923322,0.24501379117891614
snaky-polite,12.054854746877265,18.62016969923322,0.4612428373172829
as-happy,5.781309798987345,18.62016969923322,0.9450854313799683
so@full,5.756724907784715,18.62016969923322,0.9447202649911699
too-fat,6.129920443480934,18.62016969923322,0.45780959492333906
most!interesting,6.185377779728202,18.62016969923322,0.003770538452532892
often!ripe,9.944610014248981,18.62016969923322,0.45876148191877236
so-dear,5.33790147787976,18.62016969923322,0.45406109879769896
always.square,9.611285120616019,18.62016969923322,0.950092606783122
so@cold,5.427188602800872,18.62016969923322,0.4577491715426501
kind-smaller,15.256508962269734,18.62016969923322,0.23535645154626852
mostfearful,11.118117326051234,18.62016969923322,0.46156397735021704
rather!bad,10.192425317120302,18.62016969923322,0.461779150079444
partly.untied,11.859875686189136,18.62016969923322,0.2443138760165449
half.starlike,17.00336286479308,18.62016969923322,0.9452956444056644
so!smooth,10.584729141068072,18.62016969923322,0.9499414289788369
where.deluded,13.425220562359835,18.62016969923322,0.9522442668323544
half-full,9.439994992077947,18.62016969923322,0.2353526898526453
alwaysdim,10.113597565538146,18.62016969923322,0.9509045770011767
very!deadly,14.063399646170431,18.62016969923322,0.014811570870486615
certainly.safe,16.843274490774927,18.62016969923322,0.920027593928135
where-pleased,9.094907338954522,18.62016969923322,0.24304990958141906
nowwitchy,14.27090343939698,18.62016969923322,0.01533165250383175
too.gallant,10.69869248935675,18.62016969923322,0.24519154148220787
never!more,8.308047032331968,18.62016969923322,0.12010858604703303
most!keepest,9.29490960973583,18.62016969923322,0.24284985449795746
so-full,5.756724907784715,18.62016969923322,0.9442796224399953
always.woote,9.611285120616019,18.62016969923322,0.9261371165136453
horribly!bored,12.054854746877265,18.62016969923322,0.9335043084520521
extremely@large,6.282549451952877,18.62016969923322,0.9447451618277531
so!thick,5.0893191055866325,18.62016969923322,0.2352059684358089
sopoor,10.056408307494353,18.62016969923322,0.9529347424187357
so!white,4.762151988802221,18.62016969923322,0.1127295688817974
so!hot,8.601292656981238,18.62016969923322,0.23445613879724972
very@long,6.143325211471563,18.62016969923322,0.4593963831389116
most!fearful,11.118117326051234,18.62016969923322,0.24510564190751813
so@strown,12.957600055278972,18.62016969923322,0.23580327496770392
wiselynoble,16.792606792959912,18.62016969923322,0.9439007689791025
all@ready,5.977332970295611,18.62016969923322,0.926603399922951
most-eminent,5.657073825407111,18.62016969923322,0.015146885045994112
so@extreme,5.790293232298211,18.62016969923322,0.2427156064899099
most@fearful,11.118117326051234,18.62016969923322,0.9508346399356618
well.more,9.502071176796663,18.62016969923322,0.06047719790182079
more!large,10.410166091746248,18.62016969923322,0.4586946168936063
so!happy,5.489374366409044,18.62016969923322,0.9352185715820113
perfectlylarge,10.94174263567818,18.62016969923322,0.9401630908914801
very-large,6.325389331797572,18.62016969923322,0.4565554027176251
quite!full,6.278809573906488,18.62016969923322,0.2345139674248669
very.lamp,9.463984993776581,18.62016969923322,0.46003368114096177
thusfair,9.197728883341666,18.62016969923322,0.4754586166555296
completelyvariaziòni,11.647407485684406,18.62016969923322,0.45404376234593435
sohappy,5.489374366409044,18.62016969923322,0.24286072151549545
very@small,6.338740859547932,18.62016969923322,0.45632476183162035
pretty-lacketh,14.52274697948547,18.62016969923322,0.9327936662436936
rather!big,9.564019921505205,18.62016969923322,0.4588418305469467
so!sour,5.123677200723578,18.62016969923322,0.9266357104364175
afterwards!unaided,17.125940126293244,18.62016969923322,0.1200596031211747
verylong,6.143325211471563,18.62016969923322,0.9500568811416996
too@such,10.364343998305172,18.62016969923322,0.47551872754819013
verycurious,6.166487580094774,18.62016969923322,0.45733340747666223
very-human,9.950403128306545,18.62016969923322,0.4565589162753599
much-wicked,14.955496205565431,18.62016969923322,0.9266856005988686
as@big,5.30073342643602,18.62016969923322,0.029543939732608472
as.desperate,10.259460484416286,18.62016969923322,0.4598604633120916
so-numerous,12.957600055278972,18.62016969923322,0.9444298175107865
wherenerve,13.425220562359835,18.62016969923322,0.9405918549973432
well.common,14.288550047821596,18.62016969923322,0.9333937704468921
really.little,11.069423394477424,18.62016969923322,0.4611719387932966
madly-bare,11.695537899661659,18.62016969923322,0.015255764114289073
envyeundefiled,11.500554397229472,18.62016969923322,0.9404398394732824
very!short,5.730708177069981,18.62016969923322,0.0037479254971473914
half@better,17.00336286479308,18.62016969923322,0.4560833469942855
rather.else,14.52274697948547,18.62016969923322,0.4729137171676064
very-little,6.850683580239884,18.62016969923322,0.24414523529250617
onward@silent,16.838441300876557,18.62016969923322,0.24517130838721996
more.dear,9.665750153279877,18.62016969923322,0.23520659460436388
ratheruncertain,5.224013618094891,18.62016969923322,0.9529532455982246
quite!bodied,14.264572225911941,18.62016969923322,0.4753347179596845
scarcely@innumerable,16.792606792959912,18.62016969923322,0.0603111010079813
proudlyfearful,16.987594293200296,18.62016969923322,0.9504650576641192
so@white,4.762151988802221,18.62016969923322,0.1127299103874166
so-fair,4.51515384210309,18.62016969923322,0.9450037860921159
so@numerous,12.957600055278972,18.62016969923322,0.9444297486724496
extremely-large,6.282549451952877,18.62016969923322,0.9442247425859673
sofast,4.917361989491533,18.62016969923322,0.453395574002524
as-many,10.107644103912582,18.62016969923322,0.9487848479422729
veryfast,5.878281672788393,18.62016969923322,0.9438341292877795
dreadfully!high,4.892776740874028,18.62016969923322,0.47713608136918934
very.ripe,9.130668539399657,18.62016969923322,0.11419508756200687
quite-old,7.358541913114687,18.62016969923322,0.46178144951547306
all.ready,5.977332970295611,18.62016969923322,0.9266033986621327
asimpossible,13.418873400261418,18.62016969923322,0.24192271591692732
most-translucent,10.923129825810848,18.62016969923322,0.12000023346906236
continuallyupset,9.388145306204885,18.62016969923322,0.9154797513457643
no@more,4.383417696663979,18.62016969923322,0.015256664615257145
tooterrified,14.362524669012169,18.62016969923322,0.45987035186464764
however.small,10.55748067378547,18.62016969923322,0.9490049754657294
most@interesting,6.185377779728202,18.62016969923322,0.0037705177222486386
as!clear,5.109383522021343,18.62016969923322,0.23453281040795165
also-pleased,12.4622935695546,18.62016969923322,0.4497431866030312
very@rapt,14.063399646170431,18.62016969923322,0.9504623110155777
previously!hotter,15.07232862126014,18.62016969923322,0.06018896616132036
alsohungry,16.792606792959912,18.62016969923322,0.953128257111705
most-displeased,14.586962005466273,18.62016969923322,0.4559230655412164
most!copious,10.923129825810848,18.62016969923322,0.9205609509579252
rarelypleased,12.4622935695546,18.62016969923322,0.452531688157402
most-praiseworthy,5.657073825407111,18.62016969923322,0.12009725586573651
toohigh,5.6209742717345845,18.62016969923322,0.9450038013617369
too.high,5.6209742717345845,18.62016969923322,0.45899159311340587
so!slender,10.251395807734738,18.62016969923322,0.45992233468348614
no.more,4.383417696663979,18.62016969923322,0.014983275814963119
most!pleasing,10.923129825810848,18.62016969923322,0.9487775602607517
extremelyhungry,10.2566403431011,18.62016969923322,0.9490308072712926
only-full,10.465503227255411,18.62016969923322,0.23356203821317234
abominably.asleep,10.385227394332313,18.62016969923322,0.9363154746164359
too-high,5.6209742717345845,18.62016969923322,0.4589915927840952
extremely.hungry,10.2566403431011,18.62016969923322,0.9205995220587861
veryterrified,14.063399646170431,18.62016969923322,0.9515113115729668
so!smooth,10.584729141068072,18.62016969923322,0.9499414289788369
completely@mellow,11.647407485684406,18.62016969923322,0.4587749426470041
very-big,5.699874248801951,18.62016969923322,0.9300130520283512
any!harder,9.733353276115123,18.62016969923322,0.940376912322522
bubblyexpensive,14.877341121019755,18.62016969923322,0.4589529619308223
so.good,4.900316291327289,18.62016969923322,0.9266444608531833
upward.little,12.98468906641758,18.62016969923322,0.4492312208188638
still.dark,9.25551331998148,18.62016969923322,0.12074332349979842
too@gay,5.166483034097875,18.62016969923322,0.06047502311559419
extremelywicked,10.2566403431011,18.62016969923322,0.2430528401108915
quickly@much,10.756749155289222,18.62016969923322,0.0601846585929948
kind-dear,10.53800213265514,18.62016969923322,0.9329572810806036
quite@square,8.998516225508201,18.62016969923322,0.945295881089422
continually@unaided,14.654209746308993,18.62016969923322,0.9347427491730254
tinkly.hard,14.984650485982211,18.62016969923322,0.4587788080597364
so@bright,4.827648563975448,18.62016969923322,0.47110485320379775
so-thick,5.0893191055866325,18.62016969923322,0.45944133893036715
very@short,5.730708177069981,18.62016969923322,0.003747925493047467
extremely.hungry,10.2566403431011,18.62016969923322,0.9205995220587861
once@more,5.052494660616315,18.62016969923322,0.014982762444281785
whereother,6.25153240839645,18.62016969923322,0.23520610272632314
most-unlucky,14.586962005466273,18.62016969923322,0.47693684562632893
blindlybad,12.462285130594742,18.62016969923322,0.9333897553751198
only!other,10.57265228292384,18.62016969923322,0.9300146613477082
remarkablysquare,6.593819685785397,18.62016969923322,0.9256026626852997
horribly!bored,12.054854746877265,18.62016969923322,0.9335043084520521
then.eclectic,13.183395950264117,18.62016969923322,0.9401616420378593
so.brown,5.077852667014194,18.62016969923322,0.45405636418574324
even@yellow,9.936284708109438,18.62016969923322,0.9506281928542936
too.curly,5.7659613825859735,18.62016969923322,0.9297386830748001
horribly.ancient,16.85682181894071,18.62016969923322,0.9141651550027812
hard@enough,12.178476915640084,18.62016969923322,0.02971768235769708
sowhite,4.762151988802221,18.62016969923322,0.9531326602173363
very.large,6.325389331797572,18.62016969923322,0.4565554027164472
so@poor,10.056408307494353,18.62016969923322,0.9294378652400769
onlytrue,9.811359664326046,18.62016969923322,0.9257903094912683
swiftly.plain,11.700164449239326,18.62016969923322,0.9511020421530536
quite@busy,14.264572225911941,18.62016969923322,0.015331349596957245
unpleasantlyfull,11.139546879397331,18.62016969923322,0.9428364266485352
most!perplexing,10.923129825810848,18.62016969923322,0.9510621171289994
so.white,4.762151988802221,18.62016969923322,0.11272957356151753
so@long,4.637871396688131,18.62016969923322,0.9330633915557446
sobright,4.827648563975448,18.62016969923322,0.2335045479850782
very-joy,6.089837256157235,18.62016969923322,0.23452582032618158
scarcely!human,8.18749654840858,18.62016969923322,0.929739828905059
so@sunny,12.957600055278972,18.62016969923322,0.9423149687921082
quickly!gracious,10.44944242031311,18.62016969923322,0.9450864646305656
daily!calmer,11.859875686189136,18.62016969923322,0.2333534729473756
veryfine,6.033191591367765,18.62016969923322,0.951224500566337
not!more,5.985271668463047,18.62016969923322,0.9488183008325414
slightly-primaeval,16.792606792959912,18.62016969923322,0.9489516259944843
very-thick,9.09631044426271,18.62016969923322,0.12071355943240081
very.short,5.730708177069981,18.62016969923322,0.0037479254968361977
mostparrot,14.725307838559218,18.62016969923322,0.950492534270069
so!ceaseless,12.957600055278972,18.62016969923322,0.4577491991124582
then-provoking,8.22466889228385,18.62016969923322,0.9510940968420679
madly!due,11.859875686189136,18.62016969923322,0.9264706636999644
rather@enough,9.801307737203194,18.62016969923322,0.4571392302236649
quite!dim,9.50082867043033,18.62016969923322,0.9534222310795797
so.poor,10.056408307494353,18.62016969923322,0.9294374733673555
very!short,5.730708177069981,18.62016969923322,0.0037479254971473914
very-short,5.730708177069981,18.62016969923322,0.0037479254931136225
first@awful,14.24946023120136,18.62016969923322,0.9329431820704688
so-good,4.900316291327289,18.62016969923322,0.9266830641854437
wholly!asleep,12.300493066272468,18.62016969923322,0.4587615330978434
no.more,4.383417696663979,18.62016969923322,0.014983275814963119
oncemore,5.052494660616315,18.62016969923322,0.12010743480153087
very.long,6.143325211471563,18.62016969923322,0.45939638363109836
most.dreadful,10.563919987930673,18.62016969923322,0.11951303372808887
then!unpleasant,13.183395950264117,18.62016969923322,0.9528975718743147
more.white,6.147313956972074,18.62016969923322,0.4587669786156334
so@awful,9.748349321300374,18.62016969923322,0.0037766870440814233
continually.blue,9.472927565728,18.62016969923322,0.06018331467714963
no@more,4.383417696663979,18.62016969923322,0.015256664615257145
so-yellow,5.625982094711486,18.62016969923322,0.9527770253081873
so@plural,10.056408307494353,18.62016969923322,0.23597103919355678
so.bright,4.827648563975448,18.62016969923322,0.930020174021873
long.low,5.794557224672133,18.62016969923322,0.9438831279106719
moreviolent,5.9469500108062165,18.62016969923322,0.4559159321003706
very.easy,10.796947139875165,18.62016969923322,0.936421281183326
sofull,5.756724907784715,18.62016969923322,0.9261354400831096
asmany,10.107644103912582,18.62016969923322,0.9442522255608438
wisely-vague,11.695537899661659,18.62016969923322,0.060195462080794834
very.short,5.730708177069981,18.62016969923322,0.0037479254968361977
so-bad,5.726086645129183,18.62016969923322,0.24511491118449039
so.grand,5.293237592967896,18.62016969923322,0.9300106679986364
together-wikky,14.704877444124008,18.62016969923322,0.9265969160574092
so@ruff,12.957600055278972,18.62016969923322,0.9528968530123769
onward@thin,7.598380071893999,18.62016969923322,0.9442216956691539
remarkably!square,6.593819685785397,18.62016969923322,0.24417693005048677
perfectly!thick,9.94874432491868,18.62016969923322,0.9300088382061343
where!sick,10.020523427443392,18.62016969923322,0.9529848842704018
so@long,4.637871396688131,18.62016969923322,0.9330633915557446
then@provoking,8.22466889228385,18.62016969923322,0.2359996388080659
quiteblue,5.873580410654888,18.62016969923322,0.0604082477765877
all!ready,5.977332970295611,18.62016969923322,0.926603398622414
where!sweet,8.958935996636527,18.62016969923322,0.9446902051952176
more@fair,9.404891675590422,18.62016969923322,0.9334657055882272
too.late,5.169080881581845,18.62016969923322,0.9500836250576377
stillrichest,13.899531064461115,18.62016969923322,0.9439775984804702
somuch,5.16733036746142,18.62016969923322,0.23454307349687314
more@broad,14.38425698289447,18.62016969923322,0.45648422262038596
last@clear,9.204404949652927,18.62016969923322,0.9505933065864528
so@yellow,5.625982094711486,18.62016969923322,0.4597809107715648
so@much,5.16733036746142,18.62016969923322,0.9425399722785537
very-short,5.730708177069981,18.62016969923322,0.0037479254931136225
browny-proud,14.52274697948547,18.62016969923322,0.45398159392185367
half.lithe,17.00336286479308,18.62016969923322,0.940141470969819
too@late,5.169080881581845,18.62016969923322,0.9500835835453625
as-aghast,8.19954862535254,18.62016969923322,0.46170238633870514
too.much,6.513885497645416,18.62016969923322,0.9433697606841749
onward.pleased,12.4622935695546,18.62016969923322,0.9364491045918061
more@neat,9.274698673785155,18.62016969923322,0.45730198432436797
perfectly@fidgety,14.915833526826402,18.62016969923322,0.9155842116870073
very!bad,6.328279644417047,18.62016969923322,0.23451380898168048
perfectly!busy,14.915833526826402,18.62016969923322,0.45710262512711297
most.interesting,6.185377779728202,18.62016969923322,0.0037703772899718192
mostcopious,10.923129825810848,18.62016969923322,0.9297331954478194
round@green,10.548398042729659,18.62016969923322,0.4596367140265857
less@unpleasant,14.984650485982211,18.62016969923322,0.47547410215363056
so@impossible,12.957600055278972,18.62016969923322,0.12001154751535259
most!unpleasant,10.923129825810848,18.62016969923322,0.9510621417192092
really.beautiful,10.692534129308426,18.62016969923322,0.05956819356510748
perfectlyfull,11.178039285203978,18.62016969923322,0.12087313598500594
so-white,4.762151988802221,18.62016969923322,0.11272977638498906
dreadfully@high,4.892776740874028,18.62016969923322,0.4771159182055437
certainly.wrong,7.071138784963977,18.62016969923322,0.9201266679340302
rather!hungry,10.49006961849863,18.62016969923322,0.9300105804023552
most!translucent,10.923129825810848,18.62016969923322,0.1200002339983236
all@extreme,9.240762050520962,18.62016969923322,0.9530269823415232
ashappy,5.781309798987345,18.62016969923322,0.45268437690133356
sotired,13.11940899766905,18.62016969923322,0.9532413669524447
most!interesting,6.185377779728202,18.62016969923322,0.003770538452532892
no.more,4.383417696663979,18.62016969923322,0.014983275814963119
very.short,5.730708177069981,18.62016969923322,0.0037479254968361977
as@worse,13.66452859831682,18.62016969923322,0.11267751050332786
particularly-careful,12.054854746877265,18.62016969923322,0.46930799801473383
absolutely!abstemious,11.526550792556172,18.62016969923322,0.120094927511327
so!long,4.637871396688131,18.62016969923322,0.9329475315965045
most!interesting,6.185377779728202,18.62016969923322,0.003770538452532892
onlyless,10.044491758644147,18.62016969923322,0.4586750988704
quite!else,14.264572225911941,18.62016969923322,0.014944063630770218
very-bad,6.328279644417047,18.62016969923322,0.23451356468263584
quite@full,6.278809573906488,18.62016969923322,0.23451396743195713
sweetlysusceptible,12.19319214056606,18.62016969923322,0.9364735733787017
very.periwinkle,14.063399646170431,18.62016969923322,0.060145829763393166
most-interesting,6.185377779728202,18.62016969923322,0.0037705403587801616
thus-acquainted,14.177094190645713,18.62016969923322,0.12001226391842691
distinctly.serene,11.737842075010636,18.62016969923322,0.4753305731760521
most@copious,10.923129825810848,18.62016969923322,0.4596451232727821
extremelymore,9.800483134441334,18.62016969923322,0.9333101864373988
most.dreadful,10.563919987930673,18.62016969923322,0.11951303372808887
mostsatisfactory,10.923129825810848,18.62016969923322,0.12000023418534836
quite!full,6.278809573906488,18.62016969923322,0.2345139674248669
extremely.bad,10.256640343101099,18.62016969923322,0.12006580987416275
lovinglymousy,14.52274697948547,18.62016969923322,0.9201231663684408
so.furious,5.123677200723578,18.62016969923322,0.9505572669221976
so@plural,10.056408307494353,18.62016969923322,0.23597103919355678
very-happy,6.994828181192475,18.62016969923322,0.4539614479584099
no!more,4.383417696663979,18.62016969923322,0.015026956633381007
seldomuntied,7.367770398757739,18.62016969923322,0.46958558431341174
so@deep,5.274921293451774,18.62016969923322,0.9364460498203035
concisely.clear,6.3764738301612285,18.62016969923322,0.9154794448965269
wherecareless,13.425220562359835,18.62016969923322,0.45728509062875233
ever.hot,10.03438680322091,18.62016969923322,0.9297242218793581
too@gay,5.166483034097875,18.62016969923322,0.06047502311559419
very!round,5.850182343991623,18.62016969923322,0.23453833871901728
so!hot,8.601292656981238,18.62016969923322,0.23445613879724972
very.small,6.338740859547932,18.62016969923322,0.45632476182870557
so!much,5.16733036746142,18.62016969923322,0.23452463145755753
extremely-single,14.586962005466273,18.62016969923322,0.9300092064537139
rather-hungry,10.49006961849863,18.62016969923322,0.9450296263856194
all-ready,5.977332970295611,18.62016969923322,0.92660339726666
thus@worse,14.422749388701117,18.62016969923322,0.9490272926393102
really-sweet,10.411056555296447,18.62016969923322,0.452787432184618
so!blind,5.456993655100504,18.62016969923322,0.945021228836587
very!short,5.730708177069981,18.62016969923322,0.0037479254971473914
in!vain,4.448841184906667,18.62016969923322,0.9513319529321256
excessively-nautical,6.788798746473525,18.62016969923322,0.9260375946373223
once-more,5.052494660616315,18.62016969923322,0.014982760869508626
mostcopious,10.923129825810848,18.62016969923322,0.9297331954478194
very.tail,9.08693063607768,18.62016969923322,0.9505543892437202
so@full,5.756724907784715,18.62016969923322,0.9447202649911699
down@favorable,14.77208873118056,18.62016969923322,0.9513161213935134
so.white,4.762151988802221,18.62016969923322,0.11272957356151753
sadly.disgusted,14.740105878345371,18.62016969923322,0.24179852454039924
as@desperate,10.259460484416286,18.62016969923322,0.9425334310611637
so!long,4.637871396688131,18.62016969923322,0.9329475315965045
most-translucent,10.923129825810848,18.62016969923322,0.12000023346906236
rather!full,10.78495273786305,18.62016969923322,0.9201257603610182
too@lively,14.483381362140406,18.62016969923322,0.45774946674191735
verybedazzled,14.063399646170431,18.62016969923322,0.457712612819205
straightway-polite,12.054854746877265,18.62016969923322,0.4693179335032032
so.absolute,10.056408307494353,18.62016969923322,0.9510621309821826
very.large,6.325389331797572,18.62016969923322,0.4565554027164472
slowly@fast,9.806642371472446,18.62016969923322,0.9530100369219323
very!short,5.730708177069981,18.62016969923322,0.0037479254971473914
too@gay,5.166483034097875,18.62016969923322,0.06047502311559419
so-shiny,9.697681623485357,18.62016969923322,0.4540516698519522
still!vain,9.052022727702987,18.62016969923322,0.9507515684657901
as!fast,4.916920742180737,18.62016969923322,0.015331221412641777
no@more,4.383417696663979,18.62016969923322,0.015256664615257145
rather@small,6.170209171264343,18.62016969923322,0.12005658864053215
entirelyclear,11.642529830564968,18.62016969923322,0.11414686638524447
most@wrinkled,14.586962005466273,18.62016969923322,0.06037077012036281
scarcely@human,8.18749654840858,18.62016969923322,0.45929659160947295
livelyyoung,7.687611304481375,18.62016969923322,0.12073877349774197
so!poor,10.056408307494353,18.62016969923322,0.9294374212474145
all-fine,8.881467410302651,18.62016969923322,0.12006583486387291
mostbest,10.060502405886432,18.62016969923322,0.003805025164140163
most.dreadful,10.563919987930673,18.62016969923322,0.11951303372808887
at.last,4.481261385688145,18.62016969923322,0.4596229892331169
soshy,5.123677200723578,18.62016969923322,0.9529329328471247
morewhite,6.147313956972074,18.62016969923322,0.9364498753727363
sowild,5.475155251005008,18.62016969923322,0.9529172411357821
here@ghostly,14.17574464192962,18.62016969923322,0.4771153807831719
too!little,10.554606942469837,18.62016969923322,0.46001472792281806
rather@uncertain,5.224013618094891,18.62016969923322,0.24408526797178628
sofair,4.51515384210309,18.62016969923322,0.23536726738352273
too.maynt,13.255215304049717,18.62016969923322,0.9524953565105562
yet@sportive,13.690272468996483,18.62016969923322,0.11272054702891839
so@thick,5.0893191055866325,18.62016969923322,0.9513003252055748
most!copious,10.923129825810848,18.62016969923322,0.9205609509579252
greatly!disgusted,12.19319214056606,18.62016969923322,0.9362871982979737
wheedly!wild,12.211353736470564,18.62016969923322,0.9506498912206937
so.bright,4.827648563975448,18.62016969923322,0.930020174021873
rathersure,10.230666599795553,18.62016969923322,0.1134615489298759
so!long,4.637871396688131,18.62016969923322,0.9329475315965045
sometimes@little,6.470008742083571,18.62016969923322,0.9529180527759643
so.bright,4.827648563975448,18.62016969923322,0.930020174021873
yea@big,9.220398583511743,18.62016969923322,0.9504702074481011
very!long,6.143325211471563,18.62016969923322,0.4593963837624498
very.strong,6.059186654388367,18.62016969923322,0.9155903089949539
ladyefair,7.456946079985144,18.62016969923322,0.9266585058934262
very-much,6.114673231234462,18.62016969923322,0.4572543967653661
very.short,5.730708177069981,18.62016969923322,0.0037479254968361977
so!long,4.637871396688131,18.62016969923322,0.9329475315965045
perfectly-bad,10.585511864461232,18.62016969923322,0.46952989653971755
extremely!hungry,10.2566403431011,18.62016969923322,0.9206430414448823
so-rapt,12.957600055278972,18.62016969923322,0.9528971248726146
so@neat,4.588123314376041,18.62016969923322,0.9329504127769372
dreadfully@high,4.892776740874028,18.62016969923322,0.4771159182055437
so!beautiful,5.871601315783022,18.62016969923322,0.23330325764951435
very@high,9.344891266428442,18.62016969923322,0.9529174245080186
asclear,5.109383522021343,18.62016969923322,0.944783865364609
rarely!lurxy,11.526550792556172,18.62016969923322,0.9531408634547082
often.thin,10.013436062319016,18.62016969923322,0.4769481510052144
where!black,8.470126496669918,18.62016969923322,0.24273533100994052
gracefully!good,10.283138262939906,18.62016969923322,0.9507515543586625
most!interesting,6.185377779728202,18.62016969923322,0.003770538452532892
perfectly@beautiful,6.659865206392994,18.62016969923322,0.46946580509050784
most-fearful,11.118117326051234,18.62016969923322,0.45781759378498504
cheerfullystately,16.792606792959912,18.62016969923322,0.9300098997315934
quite@wavy,8.9725198301815,18.62016969923322,0.9500785933122404
toohigh,5.6209742717345845,18.62016969923322,0.9450038013617369
no-more,4.383417696663979,18.62016969923322,0.014721080335111865
very-long,6.143325211471563,18.62016969923322,0.45939638360556495
much.long,10.440220110254774,18.62016969923322,0.9529985615230158
quite.full,6.278809573906488,18.62016969923322,0.23451396742538022
even@other,10.73606573493831,18.62016969923322,0.12010017187967956
quitegray,9.172865114375808,18.62016969923322,0.2352053222308637
really@best,10.350881521439918,18.62016969923322,0.9530002419987706
so.grand,5.293237592967896,18.62016969923322,0.9300106679986364
so!shiny,9.697681623485357,18.62016969923322,0.45405184296613826
once-more,5.052494660616315,18.62016969923322,0.014982760869508626
not-more,5.985271668463047,18.62016969923322,0.9488183039379785
half-afraid,8.08072034040212,18.62016969923322,0.46162618019353363
so!wild,5.475155251005008,18.62016969923322,0.9265476616906759
awhile@fairest,14.877341121019755,18.62016969923322,0.9206124010304606
soplural,10.056408307494353,18.62016969923322,0.9486521642841494
very.red,9.145875315147476,18.62016969923322,0.9156644969493737
stealthily!little,11.04816258627647,18.62016969923322,0.4587710040286274
then-instructive,13.183395950264117,18.62016969923322,0.4589785197184501
toolate,5.169080881581845,18.62016969923322,0.9266634273459703
up.thinner,11.963871281897067,18.62016969923322,0.9503932187714907
too-long,5.368680969583937,18.62016969923322,0.11323295268103176
very-long,6.143325211471563,18.62016969923322,0.45939638360556495
so.thick,5.0893191055866325,18.62016969923322,0.23356837339697128
no!more,4.383417696663979,18.62016969923322,0.015026956633381007
exempliundefiled,9.585288725289317,18.62016969923322,0.24436592214772138
very-fast,5.878281672788393,18.62016969923322,0.12085871970783978
really.wikky,15.015686954112704,18.62016969923322,0.45986563904967914
profoundly!bark,11.711626300966616,18.62016969923322,0.23335078665669556
ratheraghast,9.303422204576592,18.62016969923322,0.45992018886665353
onlyafraid,9.106228575579584,18.62016969923322,0.9146604543891509
quite-clear,5.571452295507605,18.62016969923322,0.45702636379162587
tight!undefiled,11.833887730562807,18.62016969923322,0.9529181535784358
moreviolent,5.9469500108062165,18.62016969923322,0.4559159321003706
so.full,5.756724907784715,18.62016969923322,0.9442499135811685
verywhisper,14.063399646170431,18.62016969923322,0.46001296993959195
so-sour,5.123677200723578,18.62016969923322,0.926404569569071
so!round,5.247989344703759,18.62016969923322,0.4492069623956653
most@interesting,6.185377779728202,18.62016969923322,0.0037705177222486386
perfectly@bare,5.747603304806076,18.62016969923322,0.1175259606991181
gradually!whole,13.054753483801091,18.62016969923322,0.4615967736470973
therefore!fat,10.308569075143941,18.62016969923322,0.4694734299535719
so.scared,10.251395807734738,18.62016969923322,0.943365444917287
so@long,4.637871396688131,18.62016969923322,0.9330633915557446
ratherwide,9.510638467244133,18.62016969923322,0.45877737155772735
morefluffy,14.38425698289447,18.62016969923322,0.9488333406806659
blindly!loud,16.987594293200296,18.62016969923322,0.45870359570605684
all!full,9.76908288409468,18.62016969923322,0.46149348027165715
so.alive,8.219848009196324,18.62016969923322,0.45572291060426934
too.high,5.6209742717345845,18.62016969923322,0.45899159311340587
rather.able,9.498406604467247,18.62016969923322,0.9528601204685037
only.true,9.811359664326046,18.62016969923322,0.11414666150189753
broodeth@dearer,16.792606792959912,18.62016969923322,0.9507170733446367
ladye-fair,7.456946079985144,18.62016969923322,0.9444366347196442
such-sure,9.774114031562691,18.62016969923322,0.9442659240244007
so-happy,5.489374366409044,18.62016969923322,0.9352185928886797
no.more,4.383417696663979,18.62016969923322,0.014983275814963119
nevermore,8.308047032331968,18.62016969923322,0.9364498902327261
greatly.chilly,16.792606792959912,18.62016969923322,0.01503010711955867
very-very,10.741243811263411,18.62016969923322,0.9505029062346823
quite.serene,5.666764539953273,18.62016969923322,0.4599250396146082
so-neat,4.588123314376041,18.62016969923322,0.9332687524812225
no.more,4.383417696663979,18.62016969923322,0.014983275814963119
toohigh,5.6209742717345845,18.62016969923322,0.9450038013617369
very-single,14.063399646170431,18.62016969923322,0.472886592950336
more@sad,9.708649629335257,18.62016969923322,0.9531152551960465
sometimes!best,10.350881521439918,18.62016969923322,0.12072429493003509
where@angry,13.47105507027648,18.62016969923322,0.9263931646017952
soblind,5.456993655100504,18.62016969923322,0.059894481988892315
so!deep,5.274921293451774,18.62016969923322,0.9355213922436778
partiallybetter,16.792606792959912,18.62016969923322,0.4599309962801536
alas.velvet,14.52274697948547,18.62016969923322,0.11212780710996695
perfectly-acquainted,10.844672198104327,18.62016969923322,0.9440081817693465
most-dreadful,10.563919987930673,18.62016969923322,0.46125300810636555
pretty!lonely,14.52274697948547,18.62016969923322,0.12010893027707376
where-cape,8.466497502154532,18.62016969923322,0.45654440527471474
verysudden,14.063399646170431,18.62016969923322,0.9405804133688447
greatlymurky,11.526550792556172,18.62016969923322,0.47533065485220893
verylong,6.143325211471563,18.62016969923322,0.9500568811416996
thenalone,7.959189715278602,18.62016969923322,0.459883186828739
so@poor,10.056408307494353,18.62016969923322,0.9294378652400769
rather@great,10.46790630947257,18.62016969923322,0.23335178687336083
where-golden,9.969855729628376,18.62016969923322,0.45781126798245614
more@quartered,9.118200982490734,18.62016969923322,0.9506357022799846
so.crowded,10.056408307494353,18.62016969923322,0.951526093436635
quite.full,6.278809573906488,18.62016969923322,0.23451396742538022
quitefull,6.278809573906488,18.62016969923322,0.1207606578156942
nevergay,11.909192331155127,18.62016969923322,0.47516156952572003
dimly@dangerous,16.792606792959912,18.62016969923322,0.9506091892817449
too@long,5.368680969583937,18.62016969923322,0.11323146621570523
so@happy,5.489374366409044,18.62016969923322,0.9352188016498341
notmore,5.985271668463047,18.62016969923322,0.11345303406208726
so!nice,5.439524322134733,18.62016969923322,0.9502235833255436
too@young,7.718427642055304,18.62016969923322,0.45985586764236625
very-short,5.730708177069981,18.62016969923322,0.0037479254931136225
very@short,5.730708177069981,18.62016969923322,0.003747925493047467
mostpleasing,10.923129825810848,18.62016969923322,0.9510894107740117
so-bright,4.827648563975448,18.62016969923322,0.9506865372554385
veryshort,5.730708177069981,18.62016969923322,0.9266646621469202
most.inconsiderate,10.923129825810848,18.62016969923322,0.9442123212725527
dimly-hearty,11.859875686189136,18.62016969923322,0.9260215359718096
slightly.primaeval,16.792606792959912,18.62016969923322,0.9489516259944882
mostcopious,10.923129825810848,18.62016969923322,0.9297331954478194
rather-uncertain,5.224013618094891,18.62016969923322,0.24408580188408316
oncemore,5.052494660616315,18.62016969923322,0.12010743480153087
extremely@quit,14.586962005466273,18.62016969923322,0.4527888004436974
most.dreadful,10.563919987930673,18.62016969923322,0.11951303372808887
very-short,5.730708177069981,18.62016969923322,0.0037479254931136225
lovingly-starlike,14.52274697948547,18.62016969923322,0.4695723694078789
veryfull,6.920807065159795,18.62016969923322,0.9364579720161481
rather-uncertain,5.224013618094891,18.62016969923322,0.24408580188408316
perfectly-faint,10.226220778456941,18.62016969923322,0.929714306598925
ever.best,9.864234601938804,18.62016969923322,0.059562416704653676
very-slender,14.258387146410819,18.62016969923322,0.45944143499090134
no@more,4.383417696663979,18.62016969923322,0.015256664615257145
tooslender,10.893679989597132,18.62016969923322,0.9266469774138143
most.unusual,14.586962005466273,18.62016969923322,0.45957157059003934
slightly-glorious,16.792606792959912,18.62016969923322,0.4599206147214269
