proper.bird,11.90660915070489,21.477881760621383,0.944266446333063
unfortunate!person,18.66743708126251,21.477881760621383,0.4596531252269308
old!person,11.129361931280606,21.477881760621383,0.953428106253929
himmeltaniouschatter,11.526550792556172,21.477881760621383,0.9300197261844396
scroobious.guests,15.317983819315545,21.477881760621383,0.4533352131989124
old-man,5.165596313087671,21.477881760621383,0.9531449827990023
little-fellow,5.154670143911919,21.477881760621383,0.9506975878758958
slippery-slopes,11.526550792556172,21.477881760621383,0.9529183025596908
leaden-night,7.092436872578236,21.477881760621383,0.9400430741984603
such.work,10.347887962166881,21.477881760621383,0.45774942952228276
flumpy.delusion,9.611285120616019,21.477881760621383,0.23537746813240978
bad.wine,7.495195928687017,21.477881760621383,0.4597059721167858
solemnstreet,11.72962409830493,21.477881760621383,0.4586832512616822
little@quail,4.665247366210019,21.477881760621383,0.45405145437894173
doubtful@spark,6.8927917227684325,21.477881760621383,0.9485411050409516
loudsmile,11.982093082395842,21.477881760621383,0.11419483829885482
simultaneous@side,11.761770834698384,21.477881760621383,0.23324929316045084
coppery!soup,12.462310447918595,21.477881760621383,0.45994058563175627
pipple.popple,4.809677357677164,21.477881760621383,0.4537407114426672
brown!morocco,10.328611045397329,21.477881760621383,0.11325629465886305
little@shrimp,4.990727660007486,21.477881760621383,0.47115896368353166
oldones,15.068384829506833,21.477881760621383,0.9500568699003488
little.fish,4.870911583909897,21.477881760621383,0.2352079170055751
little-maid,5.365740497476696,21.477881760621383,0.9206200935382552
ugliest.yearning,11.695537899661659,21.477881760621383,0.9527471859559229
yonghy.bonghy,12.796152210121255,21.477881760621383,0.47547928412242196
calicotree,4.598244414994483,21.477881760621383,0.459929197129998
weary-border,11.885605447638575,21.477881760621383,0.23335347830678888
yonghy@bonghy,12.796152210121255,21.477881760621383,0.926570647890247
lively-jones,5.490498626698656,21.477881760621383,0.44871980178004756
sportivebrown,6.521998756749311,21.477881760621383,0.2429974901866
old-person,11.129361931280606,21.477881760621383,0.9533817423218384
old@person,11.129361931280606,21.477881760621383,0.953119521082242
small-bear,9.805501639638452,21.477881760621383,0.9488015798781624
eager.brain,11.695537899661659,21.477881760621383,0.2353580100665596
little@quail,4.665247366210019,21.477881760621383,0.45405145437894173
dismal-penny,12.054854746877265,21.477881760621383,0.2451032142404964
angry!voices,9.40651002374103,21.477881760621383,0.45736939856863534
fatal-ear,11.706744089286815,21.477881760621383,0.2432161628621926
old@person,11.129361931280606,21.477881760621383,0.953119521082242
scornful@calls,11.859875686189136,21.477881760621383,0.9332679790404466
lively@jones,5.490498626698656,21.477881760621383,0.4487198017800475
old@man,5.165596313087671,21.477881760621383,0.9529677379221082
younglady,10.275263587036761,21.477881760621383,0.9334131002658076
glad.surprise,7.50933637979549,21.477881760621383,0.12010577127616948
bumpy@light,11.811628902058104,21.477881760621383,0.4601385297875562
purple!amblongusses,16.843274490774927,21.477881760621383,0.47551083040723496
short.day,11.79811570625097,21.477881760621383,0.9403948714268339
last.folk,9.299717194098596,21.477881760621383,0.24517150795403345
slippery-fence,11.526550792556172,21.477881760621383,0.24267299298989317
early-pumpkins,12.404508741677299,21.477881760621383,0.4770424585420094
straight@line,5.380550902885363,21.477881760621383,0.9511862175035258
finedread,11.552279904908325,21.477881760621383,0.933269864744687
leetle-hound,11.500554397229472,21.477881760621383,0.9205187076209106
pale!profit,16.94910188739365,21.477881760621383,0.2345270116416084
young@lady,10.275263587036761,21.477881760621383,0.4597078544084924
old-person,11.129361931280606,21.477881760621383,0.9533817423218384
little@tart,8.232023934864497,21.477881760621383,0.4593106134737166
little@eel,4.795744157575297,21.477881760621383,0.24440291781485912
littlecake,4.97823824419642,21.477881760621383,0.9485575496017975
many-xerxes,9.414388812754419,21.477881760621383,0.9138974755734381
little-quail,4.665247366210019,21.477881760621383,0.45405145437894173
great@king,5.806899574972745,21.477881760621383,0.9297422234067216
little!hearts,9.046911568181507,21.477881760621383,0.9294129376502962
very.day,9.012266892314052,21.477881760621383,0.11266055204831672
especialpatience,11.96385818571518,21.477881760621383,0.9443222114919303
dismal.sister,12.300501505528514,21.477881760621383,0.44973229909648305
many.silence,10.65184006297265,21.477881760621383,0.45983111082192685
strange-head,9.648677899141918,21.477881760621383,0.9256195359352625
alive-oft,16.792606792959912,21.477881760621383,0.9490061744340006
muttonsaddel,12.300493066272468,21.477881760621383,0.46159493825349485
young@person,11.935204000535379,21.477881760621383,0.11896408945921204
principal@maze,11.526550792556172,21.477881760621383,0.45781823022333423
flumpyrain,9.570339761015305,21.477881760621383,0.952285965664137
palebenefit,16.94910188739365,21.477881760621383,0.9505546266454333
little@fowls,13.53902529486895,21.477881760621383,0.929879087610807
conspicuous.mistake,16.792606792959912,21.477881760621383,0.9530298875726023
old!person,11.129361931280606,21.477881760621383,0.953428106253929
oldman,5.165596313087671,21.477881760621383,0.06019244941481657
barbary.ape,6.329316295823639,21.477881760621383,0.9206163757991908
sweet-hair,9.958534075222707,21.477881760621383,0.2334660472577703
coppery.gong,6.226136115067046,21.477881760621383,0.951094046879231
far.countrie,4.325192112000022,21.477881760621383,0.05989353630988328
long.tail,5.371181146925824,21.477881760621383,0.9505673888793004
earlypumpkins,12.404508741677299,21.477881760621383,0.9508855388329757
secretuntold,12.583141823722977,21.477881760621383,0.44904949673320893
obsequious@surprise,11.622316020776225,21.477881760621383,0.9507982066061719
daily@trespassing,11.526550792556172,21.477881760621383,0.9355265467002674
beautiful!pussy,10.253521176001861,21.477881760621383,0.003747621334969943
old@man,5.165596313087671,21.477881760621383,0.9529677379221082
old!person,11.129361931280606,21.477881760621383,0.953428106253929
lonely!pig,9.902032699362136,21.477881760621383,0.4598337373646286
fierce-hours,11.90660915070489,21.477881760621383,0.9297422085522894
verywhiskers,5.920849260699571,21.477881760621383,0.2443261162023563
forgotten@dream,7.1384338247132755,21.477881760621383,0.4754103175613186
bad-doorscraper,11.526550792556172,21.477881760621383,0.4557219365532877
weary!paper,16.856821818940706,21.477881760621383,0.4573759836773119
darkest!eyes,11.871201912671587,21.477881760621383,0.4615658685929863
new-impression,5.8315628716582415,21.477881760621383,0.9515167994962693
oldman,5.165596313087671,21.477881760621383,0.06019244941481657
long!tail,5.371181146925824,21.477881760621383,0.9505673888943966
claret.moans,9.57692644353063,21.477881760621383,0.4578178350581626
ethereal!motion,11.492192115470786,21.477881760621383,0.9444076896390141
golden.hair,7.383174790714814,21.477881760621383,0.015256245761715108
new!lamp,6.4982042196681284,21.477881760621383,0.46946982741669757
boastful-lie,6.6335897785384885,21.477881760621383,0.9263924955563648
secret!untold,12.583141823722977,21.477881760621383,0.4498186972795081
ceaselessvisiteth,11.526550792556172,21.477881760621383,0.9529164575356527
angryeggs,9.969175274412416,21.477881760621383,0.12072375585584635
nutritious@whizzing,16.792606792959912,21.477881760621383,0.47515176452982066
rarest@alway,11.500554397229472,21.477881760621383,0.935206618300627
new@gun,5.8315628716582415,21.477881760621383,0.24431501022831065
kevil-track,11.526550792556172,21.477881760621383,0.12072420649499846
little!columbia,8.246972899138509,21.477881760621383,0.015255775440683378
wikkyflame,9.723634558382264,21.477881760621383,0.23445725666528835
right@expression,5.709153091577519,21.477881760621383,0.9508597521800899
littlepieces,10.446722539642359,21.477881760621383,0.9529962512883448
little.hen,4.925725089644649,21.477881760621383,0.9259631630527312
hot-confusion,11.642525227029607,21.477881760621383,0.4755221798150626
old!person,11.129361931280606,21.477881760621383,0.953428106253929
small!children,6.897792896661911,21.477881760621383,0.9264066992767724
drygo,12.040830043776934,21.477881760621383,0.46147023843033524
largehouse,9.9241599929759,21.477881760621383,0.9506910081136815
secret@untold,12.583141823722977,21.477881760621383,0.950474784944907
old@person,11.129361931280606,21.477881760621383,0.953119521082242
such!cowardice,10.347887962166881,21.477881760621383,0.45782442930831163
simple!third,7.697743110519035,21.477881760621383,0.943826906901206
youngest!son,11.833883732754607,21.477881760621383,0.94900616129294
little.jones,8.720950848814864,21.477881760621383,0.46952927957871116
syllogisticabode,11.526550792556172,21.477881760621383,0.9488240763167695
other-bare,9.274475217492425,21.477881760621383,0.06047571157867214
old-person,11.129361931280606,21.477881760621383,0.9533817423218384
old.person,11.129361931280606,21.477881760621383,0.9533765454173284
daily.time,12.345598606570185,21.477881760621383,0.9527670068118236
green!voice,9.848414413868323,21.477881760621383,0.2331591569465368
bitter.one,8.775657374272345,21.477881760621383,0.9507162703626422
faithful-size,11.825520210288566,21.477881760621383,0.24432521584328715
vexed.hair,11.90128713389352,21.477881760621383,0.475333368879572
chankly!bore,6.4465112744535,21.477881760621383,0.9439931570205827
violent!love,6.960333184547804,21.477881760621383,0.4538420640685777
littlewink,5.70897049355971,21.477881760621383,0.9513072947866309
second-wish,12.266152431724437,21.477881760621383,0.9364832922781207
lively-jump,10.065466707377215,21.477881760621383,0.9505957508555477
blue.bottle,10.296893729649904,21.477881760621383,0.4527635023531885
stupendous@eggs,10.277934908030057,21.477881760621383,0.23453851635715167
quanglewangle,9.059588421157285,21.477881760621383,0.24524510559651486
red!querulous,15.191813278230969,21.477881760621383,0.9511270470309091
young!geese,5.488367727667212,21.477881760621383,0.9329570632135493
young@fishes,5.628740100103786,21.477881760621383,0.950610687047872
young.storks,5.508711263634223,21.477881760621383,0.9202846881238739
young!geese,5.488367727667212,21.477881760621383,0.9329570632135493
young-geese,5.488367727667212,21.477881760621383,0.9329570632135582
bliss!sadness,11.500554397229472,21.477881760621383,0.9525469008273798
old!man,5.165596313087671,21.477881760621383,0.9530298480801619
stupendous!family,15.317983819315545,21.477881760621383,0.44981066363272926
arithmetic@geography,11.526550792556172,21.477881760621383,0.914700223180167
large.period,9.851431202810627,21.477881760621383,0.9531908835768527
blue!shore,9.88452781348338,21.477881760621383,0.9363210364657498
large!chatter,14.589183248893274,21.477881760621383,0.9401576733342469
largeboat,6.265887552331898,21.477881760621383,0.948466752828781
wordless.house,12.127583537042536,21.477881760621383,0.24335197364658395
only@tea,9.403423826719246,21.477881760621383,0.46115403628993124
lavish.grace,6.21954943255172,21.477881760621383,0.24522708017483455
wintrydogs,12.300501505528516,21.477881760621383,0.948544640217296
youngguinea,11.543860348050607,21.477881760621383,0.24435276184573376
little-eel,4.795744157575297,21.477881760621383,0.244402917814437
little!villa,5.154670143911919,21.477881760621383,0.930020279318335
delicate!cry,11.706744089286815,21.477881760621383,0.9529986408566566
cloudyflannel,11.500554397229472,21.477881760621383,0.4771301834269174
secret-untold,12.583141823722977,21.477881760621383,0.11325464912906849
humangrave,12.4622935695546,21.477881760621383,0.9403666713688558
lonely.nature,10.277926468625905,21.477881760621383,0.06047241686734699
chankly.bore,6.4465112744535,21.477881760621383,0.9439931570204908
perfect!performance,16.792606792959912,21.477881760621383,0.9488273974496794
veriestsceptic,11.526550792556172,21.477881760621383,0.05961972809339739
little@heap,10.820357115138101,21.477881760621383,0.9507847199773863
eager.jaws,6.762802351146823,21.477881760621383,0.12010568329826272
stupid.mind,11.871906997126887,21.477881760621383,0.9300140739473955
slippery-slopes,11.526550792556172,21.477881760621383,0.9529183025596908
fathomless!scroobious,17.233249491255698,21.477881760621383,0.4615466729193356
scornful.toasteses,16.792606792959912,21.477881760621383,0.9531270229152654
rosy!brother,12.054854746877265,21.477881760621383,0.9334228672278674
earlypumpkins,12.404508741677299,21.477881760621383,0.9508855388329757
old.person,11.129361931280606,21.477881760621383,0.9533765454173284
cold.net,9.842415312168919,21.477881760621383,0.4587076664551603
vain!one,13.0061678019293,21.477881760621383,0.23519758475850464
highestset,12.859816612433413,21.477881760621383,0.015146968938207519
new!gun,5.8315628716582415,21.477881760621383,0.2443151181918419
little.quail,4.665247366210019,21.477881760621383,0.4540514543789418
old-man,5.165596313087671,21.477881760621383,0.9531449827990023
little.eel,4.795744157575297,21.477881760621383,0.24440291781452458
little@goose,4.890562056573203,21.477881760621383,0.11950187204133901
most!souvenaunce,9.320906005062533,21.477881760621383,0.9365008536320103
little.zinc,8.234483380836563,21.477881760621383,0.4526595386020737
grand!spectre,10.547019458654587,21.477881760621383,0.0018861670711014876
young.geese,5.488367727667212,21.477881760621383,0.9329570632135505
old@guinea,12.155603604795557,21.477881760621383,0.944722023547733
russian!blinding,16.792606792959912,21.477881760621383,0.23333850571721024
blue-baboon,5.7774696728232025,21.477881760621383,0.9508948047747969
instructive-setting,16.792606792959912,21.477881760621383,0.11324505238384412
little!pigs,8.637845105487,21.477881760621383,0.9499416442012426
lively!jones,5.490498626698656,21.477881760621383,0.4487198017800475
old@cats,6.236422754233096,21.477881760621383,0.9506862178444323
oldman,5.165596313087671,21.477881760621383,0.06019244941481657
old!man,5.165596313087671,21.477881760621383,0.9530298480801619
young@cats,5.62467949748815,21.477881760621383,0.45266347369033577
young!storks,5.508711263634223,21.477881760621383,0.9514555788010413
first@spoonifolia,8.932736532982604,21.477881760621383,0.9529792363814049
bad.feathers,12.071164931484054,21.477881760621383,0.45647861640058823
grey@swat,11.47798662383889,21.477881760621383,0.948978728100428
long!ghoul,9.291143504937239,21.477881760621383,0.23442336257074076
greedy!zone,11.526550792556172,21.477881760621383,0.11323196556016084
young-geese,5.488367727667212,21.477881760621383,0.9329570632135582
young@geese,5.488367727667212,21.477881760621383,0.9329570632135813
young@geese,5.488367727667212,21.477881760621383,0.9329570632135813
forgotten-dream,7.1384338247132755,21.477881760621383,0.4754103569650141
brown.distance,10.931020489802934,21.477881760621383,0.452775782811875
general.song,9.774357218541892,21.477881760621383,0.24293226638093557
new@gun,5.8315628716582415,21.477881760621383,0.24431501022831065
lively.jones,5.490498626698656,21.477881760621383,0.4487198017800475
minorpoint,16.987594293200296,21.477881760621383,0.06019077615989875
blue@bottles,10.268179690828545,21.477881760621383,0.1175397001495984
blue.bottle,10.296893729649904,21.477881760621383,0.4527635023531885
round@pieces,14.96338967778126,21.477881760621383,0.24293067246439445
most@chatter,14.586962005466273,21.477881760621383,0.9487867567684795
large@stones,5.940781163216542,21.477881760621383,0.9414322227957083
broken@feathers,12.071164931484054,21.477881760621383,0.06047338108432981
plum@pudding,5.073415730328205,21.477881760621383,0.47704916800920566
little.egg,5.513991432871582,21.477881760621383,0.45900546643906065
wholesome-living,11.562189193861675,21.477881760621383,0.24408049000149348
left-brown,9.17507544086842,21.477881760621383,0.9509076786755638
young@guinea,11.543860348050607,21.477881760621383,0.45983133664704323
weary.water,12.213676234684263,21.477881760621383,0.1141869361300824
nonsensecookery,4.828483286949402,21.477881760621383,0.47708854041483234
young!geese,5.488367727667212,21.477881760621383,0.9329570632135493
young!geese,5.488367727667212,21.477881760621383,0.9329570632135493
green.feathers,6.022034530301648,21.477881760621383,0.4570263502419697
charming.sound,11.859887194908183,21.477881760621383,0.23453515297380317
unpleasant!people,8.33664954310163,21.477881760621383,0.12010493382150786
wholefrog,12.329014015252833,21.477881760621383,0.9513301948075098
utmost-pudding,12.759988501582429,21.477881760621383,0.9266647212357209
angry!ears,9.597365116099985,21.477881760621383,0.9352188036129061
old!geese,6.240482069435663,21.477881760621383,0.015171720409272093
young-storks,5.508711263634223,21.477881760621383,0.9405101885862414
green.sail,5.911979840706832,21.477881760621383,0.4754263870503583
otherlegs,9.500296300766081,21.477881760621383,0.9505806269220392
attentive-paper,16.792606792959912,21.477881760621383,0.9528043278993229
livelymeadows,14.998197814147993,21.477881760621383,0.45732985416888844
large@pipkin,9.323127248489536,21.477881760621383,0.4726342699739937
young-person,11.935204000535379,21.477881760621383,0.12006514958620178
kind.penny,10.518756916187087,21.477881760621383,0.9398344512114515
slow@rhyme,9.659419532401465,21.477881760621383,0.9401375748954448
yonghy.bonghy,12.796152210121255,21.477881760621383,0.47547928412242196
little!needle,5.236374862546195,21.477881760621383,0.9523041521231792
little-urn,4.868471778396856,21.477881760621383,0.47560401911545475
littleshrimp,4.990727660007486,21.477881760621383,0.4756070495070015
lurxy!horse,11.878030141174166,21.477881760621383,0.45985638370491944
proper.thing,7.216991492769049,21.477881760621383,0.915658534998312
latin@lesson,12.249842247117648,21.477881760621383,0.46154255002274674
discordant-voices,6.364479328895086,21.477881760621383,0.05987077897015926
saddest!shades,17.125940126293244,21.477881760621383,0.46167471518969716
lively!jones,5.490498626698656,21.477881760621383,0.4487198017800475
sportive.brown,6.521998756749311,21.477881760621383,0.23538402577897927
bitter@black,11.911643534382142,21.477881760621383,0.24524257216234568
unpitying!sun,7.134604992952936,21.477881760621383,0.948317709948462
distant@artist,11.526550792556172,21.477881760621383,0.4526771254734779
abject!breath,11.928699786620234,21.477881760621383,0.952304637915887
comely-goblin,16.792606792959912,21.477881760621383,0.9433757097227137
desperate-attempts,11.859875686189136,21.477881760621383,0.11323852251474875
secret-none,12.583141823722977,21.477881760621383,0.9352344243448039
snifflemind,11.871906997126887,21.477881760621383,0.9400459491436098
young.person,11.935204000535379,21.477881760621383,0.12010880473160775
jingly!turtle,12.388179640806444,21.477881760621383,0.23355476472683126
sober@sadness,6.567823290458696,21.477881760621383,0.4594010655142614
old.person,11.129361931280606,21.477881760621383,0.9533765454173284
old@person,11.129361931280606,21.477881760621383,0.953119521082242
small.children,6.897792896661911,21.477881760621383,0.952986737250896
mostlight,9.605984114564462,21.477881760621383,0.47701378846889547
gentle.maid,7.086215035379794,21.477881760621383,0.9528648331744668
new!stick,5.7930769580295935,21.477881760621383,0.45648112597950335
hush-person,16.85948077428481,21.477881760621383,0.9156185515952915
old!person,11.129361931280606,21.477881760621383,0.953428106253929
unflaggingdraught,11.695537899661659,21.477881760621383,0.9531472839728585
little-heap,10.820357115138101,21.477881760621383,0.9507847199773863
little.face,8.511995237577953,21.477881760621383,0.9507379600968939
spoonifolia@music,16.792606792959912,21.477881760621383,0.0009457386576240174
uncommonly@burn,12.028859239769806,21.477881760621383,0.4615825056716664
solitarypride,6.329316295823639,21.477881760621383,0.9447343824872794
mournful!dairy,11.526550792556172,21.477881760621383,0.23535940797527066
othersource,14.371544110790675,21.477881760621383,0.9156645885459531
secret.none,12.583141823722977,21.477881760621383,0.9352344243448039
glassy@kings,11.500554397229472,21.477881760621383,0.9425121855873103
right.hair,10.157545852896616,21.477881760621383,0.235366209103776
strange@eyes,9.708651464159601,21.477881760621383,0.11324799363260873
little.souls,5.70897049355971,21.477881760621383,0.46167201806905456
housy-goblin,16.792606792959912,21.477881760621383,0.9486434373904435
magic!tone,11.67570915567545,21.477881760621383,0.9486541662341601
leafy!trees,6.625370603174223,21.477881760621383,0.2433488792244925
amiable@person,19.000770414595845,21.477881760621383,0.920329929050588
old@person,11.129361931280606,21.477881760621383,0.953119521082242
horrible.dreams,7.503571396812839,21.477881760621383,0.9481519167522462
old!person,11.129361931280606,21.477881760621383,0.953428106253929
old.person,11.129361931280606,21.477881760621383,0.9533765454173284
thirstyelement,16.792606792959912,21.477881760621383,0.9502504613751702
silvery.squeaks,7.2604441561718005,21.477881760621383,0.9444365816628814
coppery@hill,11.600192810117104,21.477881760621383,0.9397559647092921
secondjones,11.974532346905827,21.477881760621383,0.9260218251765431
yonghy@bonghy,12.796152210121255,21.477881760621383,0.926570647890247
slipperydairy,11.526550792556172,21.477881760621383,0.4572823299462758
dead!songs,15.044841234529486,21.477881760621383,0.9398517676469819
different@lamp,12.193192140566063,21.477881760621383,0.9402927541316147
loneliest.agony,6.4717860746068965,21.477881760621383,0.0004681821838106935
chankly.bore,6.4465112744535,21.477881760621383,0.9439931570204908
long@tail,5.371181146925824,21.477881760621383,0.9505673927160407
newer!parting,10.385227394332313,21.477881760621383,0.23444688515898432
old-man,5.165596313087671,21.477881760621383,0.9531449827990023
barbary-ape,6.329316295823639,21.477881760621383,0.9206163757992007
grisly-charm,16.792606792959912,21.477881760621383,0.24286018739096088
suddenlistening,11.859875686189136,21.477881760621383,0.4498092587856928
old!owls,6.2007874532273535,21.477881760621383,0.9505989495416708
small-nose,9.844608916177352,21.477881760621383,0.24177999360002714
small@dairy,9.677721390023821,21.477881760621383,0.45993971879183937
dolomphious!sceptic,16.792606792959912,21.477881760621383,0.9260390474567305
sacred.countrie,11.82552544880412,21.477881760621383,0.24272584936550706
old-person,11.129361931280606,21.477881760621383,0.9533817423218384
old.person,11.129361931280606,21.477881760621383,0.9533765454173284
dark!air,9.734804260192375,21.477881760621383,0.24185786850141286
vexedshelf,11.588232532507403,21.477881760621383,0.24324042258951448
frantic@glue,11.526550792556172,21.477881760621383,0.9529908240927513
angryfire,9.704672533431388,21.477881760621383,0.45944667290807223
half!wisdom,17.00336286479308,21.477881760621383,0.06019643835191995
awful.hope,11.788509772825652,21.477881760621383,0.9529560307499987
suchpast,9.049043649657115,21.477881760621383,0.45992050512932175
littlefish,4.870911583909897,21.477881760621383,0.23445752112186263
helpless@weight,7.008457993171324,21.477881760621383,0.47713426564137107
western-nose,11.693438318709704,21.477881760621383,0.9156038542258883
old-whale,6.3061874933548046,21.477881760621383,0.9507875747834149
little-thrush,4.795744157575297,21.477881760621383,0.9528798727580912
little-yew,4.687337644386366,21.477881760621383,0.9498008378587881
luminous!sigh,11.980746158496512,21.477881760621383,0.9261235902548407
loathly!vampire,15.685297427997456,21.477881760621383,0.0018810907760679297
gosky.nests,17.125940126293244,21.477881760621383,0.4596444268110255
toothsome@echoes,16.987594293200296,21.477881760621383,0.9443011692123738
large-bit,9.57707583749502,21.477881760621383,0.015250480934140644
selfishdeliberation,11.500554397229472,21.477881760621383,0.47552786452781826
innocent@deliberation,9.585288725289317,21.477881760621383,0.44978929426499187
littleheap,10.820357115138101,21.477881760621383,0.9447604823037173
principalshore,11.84931413903382,21.477881760621383,0.06047685447384376
marble-slumber,16.792606792959912,21.477881760621383,0.2351645270149476
large-doom,9.656452142122498,21.477881760621383,0.23346596289179458
special-rival,16.792606792959912,21.477881760621383,0.952716184593528
oldman,5.165596313087671,21.477881760621383,0.06019244941481657
old!person,11.129361931280606,21.477881760621383,0.953428106253929
silver@gilt,12.10298604920669,21.477881760621383,0.9531446925971885
aching!hands,12.557168080417428,21.477881760621383,0.9202121760527139
little-ant,5.154670143911919,21.477881760621383,0.4562993393526927
little-yew,4.687337644386366,21.477881760621383,0.9498008378587881
twirly!lamp,10.277926468625905,21.477881760621383,0.46952994117557423
amiableman,7.502007150642413,21.477881760621383,0.45993151587925674
old@person,11.129361931280606,21.477881760621383,0.953119521082242
fifteenth.day,4.560152366759638,21.477881760621383,0.06046625117125412
old!storks,6.12045452037917,21.477881760621383,0.4578185869775907
dim!chords,16.987594293200292,21.477881760621383,0.9447859324011479
primaeval.motion,6.226136115067046,21.477881760621383,0.0002343445088036874
old@man,5.165596313087671,21.477881760621383,0.9529677379221082
several-jigs,10.66785927430736,21.477881760621383,0.9401522520702393
little.dove,5.142180625609973,21.477881760621383,0.9333969835645695
old.man,5.165596313087671,21.477881760621383,0.9530163510584126
loftytower,6.200139719740346,21.477881760621383,0.06033218808712036
more!affrights,10.879681117576991,21.477881760621383,0.4771269402669093
new.king,10.311400102785788,21.477881760621383,0.9505952158798031
matter-fools,16.792606792959912,21.477881760621383,0.9504925737613031
loud-voice,7.98863457566295,21.477881760621383,0.45957529719917134
human@guise,7.413554274692287,21.477881760621383,0.9403408422414217
intense@bonghy,18.09490365816275,21.477881760621383,0.9353665292692835
finewig,12.16720507286275,21.477881760621383,0.940365819694038
young@lady,10.275263587036761,21.477881760621383,0.4597078544084924
old-person,11.129361931280606,21.477881760621383,0.9533817423218384
plum-pudding,5.073415730328205,21.477881760621383,0.9404210016142636
old!man,5.165596313087671,21.477881760621383,0.9530298480801619
oldperson,11.129361931280606,21.477881760621383,0.9530014423674535
young@lady,10.275263587036761,21.477881760621383,0.4597078544084924
young!person,11.935204000535379,21.477881760621383,0.12010499858742636
charnel!cave,6.4294818992579215,21.477881760621383,0.2440804906135394
loud@sic,15.88028492823784,21.477881760621383,0.12004876329583361
luminousshape,12.70795720671795,21.477881760621383,0.9490090667911968
old-person,11.129361931280606,21.477881760621383,0.9533817423218384
dreadful@man,8.46373788400768,21.477881760621383,0.4570142732153389
patientrow,11.833879734979645,21.477881760621383,0.47288558579977
full!phantoms,15.051067813059193,21.477881760621383,0.11955313473385785
bewildered@fancy,7.2034330561177216,21.477881760621383,0.06029715532178577
little-wink,5.70897049355971,21.477881760621383,0.9489970661922364
strange.thoughts,10.646573151003784,21.477881760621383,0.9364105004481028
weary-tear,12.093078263459098,21.477881760621383,0.9482103982332593
little@eel,4.795744157575297,21.477881760621383,0.24440291781485912
transitional-pangs,16.792606792959912,21.477881760621383,0.003805097562907394
blue-hair,9.84882267306515,21.477881760621383,0.920335101327906
ceremonious.calls,6.593819685785397,21.477881760621383,0.9397938887356548
simplejoy,7.9577276671387835,21.477881760621383,0.4616752720285515
common@things,12.071164931484054,21.477881760621383,0.46153583026450007
golden-fruitage,16.88028492823784,21.477881760621383,0.4594523257125605
coldgrasp,11.29259793511921,21.477881760621383,0.06047922970747666
sullen.hills,10.38524427299251,21.477881760621383,0.060191493803232424
faithful@moans,11.492192115470786,21.477881760621383,0.23446223768560973
scarlet.jones,12.16951984714621,21.477881760621383,0.11346286135022297
thorough-tobacco,14.877341121019755,21.477881760621383,0.9255998893764534
new!tale,10.122425633733604,21.477881760621383,0.4492178486102151
little!gray,8.447318183332817,21.477881760621383,0.4599249344061817
old.person,11.129361931280606,21.477881760621383,0.9533765454173284
old-person,11.129361931280606,21.477881760621383,0.9533817423218384
thae.hair,11.813608998615592,21.477881760621383,0.9442567953389152
unpitying.cry,11.706744089286815,21.477881760621383,0.9486045197882025
wild!cry,11.943575216888483,21.477881760621383,0.945308192758936
wild.festoons,7.650385402293957,21.477881760621383,0.0037555985881868124
topmost-hopes,16.792606792959912,21.477881760621383,0.469390227675652
gentlewaves,12.257407166546857,21.477881760621383,0.9486541685165617
old.person,11.129361931280606,21.477881760621383,0.9533765454173284
little!children,5.723124943309101,21.477881760621383,0.9334674842787515
old!man,5.165596313087671,21.477881760621383,0.9530298480801619
old.man,5.165596313087671,21.477881760621383,0.9530163510584126
more@bottles,9.824616206313541,21.477881760621383,0.24292898465624538
happy!green,12.515960991001256,21.477881760621383,0.4771046265627716
waterproofsauce,11.833879734979645,21.477881760621383,0.45900478919160664
glad.amaze,7.379212474490051,21.477881760621383,0.9498007877483791
gentlehands,12.621383106398225,21.477881760621383,0.9511091676436942
unknowntrackless,16.792606792959912,21.477881760621383,0.9401468588895329
little.doll,4.795744157575297,21.477881760621383,0.2352047624155981
little@goose,4.890562056573203,21.477881760621383,0.11950187204133901
blue!boss,11.031089691974229,21.477881760621383,0.12075896661588309
old!cats,6.236422754233096,21.477881760621383,0.9506865971330972
steadfastopium,16.792606792959912,21.477881760621383,0.24275912329019705
green.veil,5.222186212307806,21.477881760621383,0.9523483920292125
towering@mistake,16.792606792959912,21.477881760621383,0.9298699499618067
old.man,5.165596313087671,21.477881760621383,0.9530163510584126
old!man,5.165596313087671,21.477881760621383,0.9530298480801619
very.heart,5.790363049946637,21.477881760621383,0.23336900660781212
golden!whisper,16.88028492823784,21.477881760621383,0.9447183443385205
selfish@tone,11.67570915567545,21.477881760621383,0.0037691841767494598
yonghy-bonghy,12.796152210121255,21.477881760621383,0.23441437122633083
shorttail,7.606664374818455,21.477881760621383,0.9529553183110517
littleant,5.154670143911919,21.477881760621383,0.2353810245340483
runcible!bachelor,15.015686954112704,21.477881760621383,0.9499115014416296
littleconcern,8.272969294465211,21.477881760621383,0.9531273242795854
gilt.answer,12.679618713463569,21.477881760621383,0.4771222211101361
gentle-flowers,11.775839776775046,21.477881760621383,0.9482247707027032
sleepless-hound,6.234498396825733,21.477881760621383,0.9361967270597072
burnt@valentines,11.526550792556172,21.477881760621383,0.9504615409334187
little-villa,5.154670143911919,21.477881760621383,0.930020279318335
vast@wave,11.893063372701482,21.477881760621383,0.23446261624139117
little!heap,10.820357115138101,21.477881760621383,0.9507847199773863
old@person,11.129361931280606,21.477881760621383,0.953119521082242
crowded@brain,11.695537899661659,21.477881760621383,0.45632676563934077
oldperson,11.129361931280606,21.477881760621383,0.9530014423674535
old@man,5.165596313087671,21.477881760621383,0.9529677379221082
heroicremark,11.630535329298825,21.477881760621383,0.9294389910377601
littlegoat,5.146307862153232,21.477881760621383,0.23440449513157569
new!gun,5.8315628716582415,21.477881760621383,0.2443151181918419
old.person,11.129361931280606,21.477881760621383,0.9533765454173284
old@man,5.165596313087671,21.477881760621383,0.9529677379221082
happier@one,12.772687895882271,21.477881760621383,0.9499936373547289
dear@tears,9.447961903240198,21.477881760621383,0.9138987009680577
quick@tears,5.127259576240404,21.477881760621383,0.9264775959378757
slippery@slopes,11.526550792556172,21.477881760621383,0.9529172171153062
yonghy-bonghy,12.796152210121255,21.477881760621383,0.23441437122633083
worldly!horses,17.125940126293244,21.477881760621383,0.9531256311806535
old.person,11.129361931280606,21.477881760621383,0.9533765454173284
glad.surprise,7.50933637979549,21.477881760621383,0.12010577127616948
leaden@pudding,12.759988501582429,21.477881760621383,0.015250373819022613
most@toes,9.387139894089124,21.477881760621383,0.1141711181595907
long.tail,5.371181146925824,21.477881760621383,0.9505673888793004
good-oysters,9.676796527723793,21.477881760621383,0.9531905533070538
old-man,5.165596313087671,21.477881760621383,0.9531449827990023
old!person,11.129361931280606,21.477881760621383,0.953428106253929
narrow!shore,11.84931413903382,21.477881760621383,0.9433521729380105
young.lady,10.275263587036761,21.477881760621383,0.459707854408532
old!man,5.165596313087671,21.477881760621383,0.9530298480801619
tangled!street,11.72962409830493,21.477881760621383,0.4594024260523182
burny@bikky,16.987594293200296,21.477881760621383,0.12094585655037378
early-pumpkins,12.404508741677299,21.477881760621383,0.4770424585420094
secret!none,12.583141823722977,21.477881760621383,0.9352344243448039
unflagging!tread,6.4294818992579215,21.477881760621383,0.2418727394681006
fimble!sport,17.125940126293244,21.477881760621383,0.9405099053135879
little-ghost,5.054955157297928,21.477881760621383,0.9527482099824709
oldperson,11.129361931280606,21.477881760621383,0.9530014423674535
dolomphious@wind,12.102986049206693,21.477881760621383,0.9524871846834435
crimson.ostrich,11.526550792556172,21.477881760621383,0.24268287236017919
old@man,5.165596313087671,21.477881760621383,0.9529677379221082
red.pipple,16.05346744513802,21.477881760621383,0.9503907563799677
ladye!time,12.614716913922715,21.477881760621383,0.47713075454327053
much!miles,15.201151403620832,21.477881760621383,0.9261283985002331
false-trees,11.891426603577964,21.477881760621383,0.4614970455825989
aye-meadows,14.52274697948547,21.477881760621383,0.015267155943339668
far!countrie,4.325192112000022,21.477881760621383,0.05989358930536124
old.men,7.001985069007624,21.477881760621383,0.47714896639140625
pure.sob,12.054854746877265,21.477881760621383,0.9260149798248507
aye-summer,10.409758899989127,21.477881760621383,0.94899471843574
hummysound,6.593831194504443,21.477881760621383,0.9141770243812521
spikkyword,9.160814104883576,21.477881760621383,0.4755173674680702
greedy.voice,12.19809110594003,21.477881760621383,0.9487852993575465
young-union,15.392251348093275,21.477881760621383,0.47711288123211293
very@haunts,10.796947139875165,21.477881760621383,0.9513508660889426
littlevilla,5.154670143911919,21.477881760621383,0.9200271751562261
ethereal@ass,11.500554397229472,21.477881760621383,0.4540530564013256
little@quail,4.665247366210019,21.477881760621383,0.45405145437894173
scared-dullard,12.028871232994993,21.477881760621383,0.936321008195321
old!man,5.165596313087671,21.477881760621383,0.9530298480801619
unflagging-tread,6.4294818992579215,21.477881760621383,0.24187273965430314
shiny@ground,11.715414787180386,21.477881760621383,0.9529848384134596
fat.rabbit,7.624406326930939,21.477881760621383,0.4573282377908856
little-child,5.250370724505495,21.477881760621383,0.9442284629331231
borascibleperson,13.40138108085877,21.477881760621383,0.9520425747959248
old-person,11.129361931280606,21.477881760621383,0.9533817423218384
subdued.size,11.825520210288566,21.477881760621383,0.46000295018259696
happy.din,11.972225568072592,21.477881760621383,0.46160819209218285
inner-gown,11.833879734979645,21.477881760621383,0.9515120704652436
original!feathers,12.071164931484054,21.477881760621383,0.953446907641796
livelyjones,5.490498626698656,21.477881760621383,0.9447331707859881
little@quail,4.665247366210019,21.477881760621383,0.45405145437894173
littleurn,4.868471778396856,21.477881760621383,0.9263912033671736
stumpysnail,9.944610014248981,21.477881760621383,0.1136544662346524
little.piece,11.30837670654941,21.477881760621383,0.9260528629471827
calm!eating,12.633809521537994,21.477881760621383,0.9329531981652147
western!head,11.811228347653904,21.477881760621383,0.948637484044421
new.hat,6.058986501567379,21.477881760621383,0.9203350250040563
strict@pillar,11.526550792556172,21.477881760621383,0.9513005028098883
old!man,5.165596313087671,21.477881760621383,0.9530298480801619
old@person,11.129361931280606,21.477881760621383,0.953119521082242
large@circle,9.656452142122498,21.477881760621383,0.46154799035901073
pensive!meaning,7.0311206769049726,21.477881760621383,0.060196310212070836
lovely@walk,5.976679004792157,21.477881760621383,0.4770508036464338
other@blotting,14.371544110790675,21.477881760621383,0.11348958297137651
naughtysettlement,14.877341121019755,21.477881760621383,0.9507207607040058
green!villa,9.150877705157766,21.477881760621383,0.9530018435785951
little!whisper,10.087796553305736,21.477881760621383,0.11417645724040025
bitter!means,16.9233792672195,21.477881760621383,0.4578200186216463
browny-receipts,14.52274697948547,21.477881760621383,0.014643699858843768
lower-love,11.89306429131858,21.477881760621383,0.9529890597488582
littlepath,8.687611599626099,21.477881760621383,0.9297242024040641
little@quail,4.665247366210019,21.477881760621383,0.45405145437894173
little.song,5.343738637164495,21.477881760621383,0.4771271082525682
long-room,9.146682605928484,21.477881760621383,0.9529824667758076
old.man,5.165596313087671,21.477881760621383,0.9530163510584126
oldman,5.165596313087671,21.477881760621383,0.06019244941481657
littlehearts,9.046911568181507,21.477881760621383,0.9363133303172956
littlekite,4.780795193301285,21.477881760621383,0.9291686842086779
little!vine,4.783254639273351,21.477881760621383,0.9506994367290549
little@wink,5.70897049355971,21.477881760621383,0.9489970661887334
aged.tresses,16.792606792959912,21.477881760621383,0.11417655346078698
right!eye,5.593959839655412,21.477881760621383,0.24524177318901408
littleurn,4.868471778396856,21.477881760621383,0.9263912033671736
bad.furioso,16.792606792959912,21.477881760621383,0.9512245940304347
littlelark,4.990727660007486,21.477881760621383,0.9525626254118372
old.lady,11.312111994214453,21.477881760621383,0.9260411167170118
oldperson,11.129361931280606,21.477881760621383,0.9530014423674535
barbary-ape,6.329316295823639,21.477881760621383,0.9206163757992007
little!fish,4.870911583909897,21.477881760621383,0.23520791700557975
fierce!world,12.388172499887846,21.477881760621383,0.9513284301926191
baleful.star,6.55946159064845,21.477881760621383,0.47714901593480796
oldera,13.450418098824871,21.477881760621383,0.9333935722920412
little!jee,8.232023934864497,21.477881760621383,0.4587784428454549
striped-zinc,9.572799206987371,21.477881760621383,0.4611105924141731
old.person,11.129361931280606,21.477881760621383,0.9533765454173284
old-person,11.129361931280606,21.477881760621383,0.9533817423218384
bated.accent,16.792606792959912,21.477881760621383,0.2335142796434745
slippery.torture,16.792606792959912,21.477881760621383,0.06019341251734801
stony-eye,6.647613540968777,21.477881760621383,0.12069043662619895
stolen@tree,9.788573621209672,21.477881760621383,0.9484657486539965
falseface,11.765576735668915,21.477881760621383,0.9405092284105706
glad@pen,11.930381940711305,21.477881760621383,0.9487846608997842
sametime,5.740724184002295,21.477881760621383,0.9364385444133142
old!xerxes,6.497079014917191,21.477881760621383,0.94426608037191
littlekite,4.780795193301285,21.477881760621383,0.9291686842086779
little!villa,5.154670143911919,21.477881760621383,0.930020279318335
glad.surprise,7.50933637979549,21.477881760621383,0.12010577127616948
silvery-barbary,16.856821818940706,21.477881760621383,0.9488581722869507
little!egg,5.513991432871582,21.477881760621383,0.4590054664390214
rural-courtier,11.526550792556172,21.477881760621383,0.9352378851789184
bad@grief,12.300493066272468,21.477881760621383,0.9529803862447471
whimsical!man,7.528003545969114,21.477881760621383,0.9530009219453833
old!person,11.129361931280606,21.477881760621383,0.953428106253929
endless.thoughts,16.88028492823784,21.477881760621383,0.9438693496995968
gentle@draught,11.759752925642456,21.477881760621383,0.9482216825070318
great.habit,9.162129777534377,21.477881760621383,0.9489912233074626
ridicule.lurxy,9.256690979081734,21.477881760621383,0.9505714903183856
little!duck,5.591110222677844,21.477881760621383,0.9364742230809597
morelocks,9.815488934627455,21.477881760621383,0.015035245203479448
solemn-head,11.811228347653904,21.477881760621383,0.4588067936615473
young!hearts,6.84849783898677,21.477881760621383,0.9509069280916179
old@person,11.129361931280606,21.477881760621383,0.953119521082242
old@mill,6.3061874933548046,21.477881760621383,0.9138854445967362
bad!habit,7.196229130191001,21.477881760621383,0.46167369876418424
joyful-bird,11.818931015426962,21.477881760621383,0.9524849942724
dreamy@grow,12.158835209266833,21.477881760621383,0.4598485243751548
crimson.courtier,11.526550792556172,21.477881760621383,0.4754257983231679
old.xerxes,6.497079014917191,21.477881760621383,0.9328335892294815
littlepuff,8.484260576919672,21.477881760621383,0.9529855072710255
little!travellers,10.282784053546122,21.477881760621383,0.9363113865245494
other!birds,10.31858072748192,21.477881760621383,0.45730245925360813
second.travellers,16.987594293200296,21.477881760621383,0.45901637235195514
large-way,9.587816146523677,21.477881760621383,0.23535297961347607
old@geese,6.240482069435663,21.477881760621383,0.01517172973079742
young@geese,5.488367727667212,21.477881760621383,0.9329570632135813
othermouth,9.772129458396826,21.477881760621383,0.24417474587903362
fifteenth.day,4.560152366759638,21.477881760621383,0.06046625117125412
blue@bottle,10.296893729649904,21.477881760621383,0.9487704960156699
gladsurprise,7.50933637979549,21.477881760621383,0.45781729213702854
quangle-wangle,9.059588421157285,21.477881760621383,0.9405912816889143
tropicaljackdaws,11.526550792556172,21.477881760621383,0.46924725823116537
susceptible.joints,16.792606792959912,21.477881760621383,0.06018321617974153
immense.cover,12.600664720415693,21.477881760621383,0.9524985917344224
chankly@bore,6.4465112744535,21.477881760621383,0.9439931570103455
dressyround,11.984187830169317,21.477881760621383,0.2335733351231742
hot-apples,17.241914560766677,21.477881760621383,0.9509186732487529
great-pounds,14.623173278178498,21.477881760621383,0.4537089641244484
deadly!quantity,16.792606792959912,21.477881760621383,0.9347758330165729
silvery!gong,11.55640714145158,21.477881760621383,0.4587673857134521
very-way,9.062032543800836,21.477881760621383,0.9452522081372637
slight@incident,11.526550792556172,21.477881760621383,0.9529182692529342
instructive@pea,17.39505843364578,21.477881760621383,0.9481540532075827
painfulincident,6.593819685785397,21.477881760621383,0.4614927676070667
youngowls,5.589044196482408,21.477881760621383,0.9531561148240857
extreme!one,10.857422223942116,21.477881760621383,0.4615799181228064
blue.cakes,14.827820467409472,21.477881760621383,0.9488146860284217
pale.forms,16.94910188739365,21.477881760621383,0.24436563021512916
great!surprise,5.658244110155044,21.477881760621383,0.45730264076237426
wantoninfection,11.526550792556172,21.477881760621383,0.9507531732582785
quangle.wangle,9.059588421157285,21.477881760621383,0.9202276009387974
amazing!nature,5.540174422543258,21.477881760621383,0.45727167271995267
young.geese,5.488367727667212,21.477881760621383,0.9329570632135505
jodd@trees,12.224759936911296,21.477881760621383,0.060375020146066063
haggard.arch,11.526550792556172,21.477881760621383,0.9300146071428448
othermean,9.60779655760057,21.477881760621383,0.9202892679734657
sonorouschain,12.19320057997021,21.477881760621383,0.9333970080837497
old-guinea,12.155603604795557,21.477881760621383,0.9441977445735409
elderly@fly,7.0007838648016625,21.477881760621383,0.9505984116024715
chronic-state,6.491121342912179,21.477881760621383,0.9441716092579139
great.hat,9.389553407443513,21.477881760621383,0.45970612378321785
littlewings,5.595304846624546,21.477881760621383,0.9442636045682752
patientcliffs,16.792606792959912,21.477881760621383,0.47698454281023944
young@geese,5.488367727667212,21.477881760621383,0.9329570632135813
young!geese,5.488367727667212,21.477881760621383,0.9329570632135493
young!geese,5.488367727667212,21.477881760621383,0.9329570632135493
young!geese,5.488367727667212,21.477881760621383,0.9329570632135493
young.storks,5.508711263634223,21.477881760621383,0.9202846881238739
young@geese,5.488367727667212,21.477881760621383,0.9329570632135813
young@parrots,5.589044196482408,21.477881760621383,0.12088230941163744
oldowls,6.2007874532273535,21.477881760621383,0.9489535350831882
young.geese,5.488367727667212,21.477881760621383,0.9329570632135505
young.geese,5.488367727667212,21.477881760621383,0.9329570632135505
earnestside,11.761770834698384,21.477881760621383,0.9506950019125775
endless@pudding,12.759988501582429,21.477881760621383,0.0037650769275819015
youngperson,11.935204000535379,21.477881760621383,0.4587800973803658
old!man,5.165596313087671,21.477881760621383,0.9530298480801619
bluebottle,10.296893729649904,21.477881760621383,0.9333784568291165
great.cloud,9.46946271773281,21.477881760621383,0.45728150671422574
old.person,11.129361931280606,21.477881760621383,0.9533765454173284
woeful-tree,11.703839293149828,21.477881760621383,0.059601825592988815
lively-jones,5.490498626698656,21.477881760621383,0.44871980178004756
fiercecave,11.695537899661659,21.477881760621383,0.9355377847348928
chanklybore,6.4465112744535,21.477881760621383,0.1132446314359
breeze.satisfaction,17.018630761330787,21.477881760621383,0.0037885140432017475
wretched!row,11.833879734979645,21.477881760621383,0.9266818074519129
closer.slime,11.526550792556172,21.477881760621383,0.9509099597368422
little-villa,5.154670143911919,21.477881760621383,0.930020279318335
littlemoment,13.595666962016386,21.477881760621383,0.45404388145005387
little!cake,4.97823824419642,21.477881760621383,0.24519565969738155
tangled.path,11.941193097717061,21.477881760621383,0.9520851929551614
oldstorks,6.12045452037917,21.477881760621383,0.9513320343625967
long.moonlight,14.418862111948398,21.477881760621383,0.9202280686878526
huge.spark,11.630535329298825,21.477881760621383,0.23442428663802567
goldendress,12.116537375047738,21.477881760621383,0.9531376921969376
silverytone,7.409602519291077,21.477881760621383,0.9266804355964177
contemptuous-arrangement,11.859875686189136,21.477881760621383,0.9506057273323402
old@man,5.165596313087671,21.477881760621383,0.9529677379221082
smallcur,9.651724994697119,21.477881760621383,0.950686314608205
new!stick,5.7930769580295935,21.477881760621383,0.45648112597950335
littlefeast,8.571936092961225,21.477881760621383,0.9515437067777073
little!doll,4.795744157575297,21.477881760621383,0.2352047624155984
little@fish,4.870911583909897,21.477881760621383,0.23520791700551158
dark.self,14.911783641430558,21.477881760621383,0.9483083881900015
silverydeed,11.759752925642456,21.477881760621383,0.9505956986405385
hot!man,12.910033980846286,21.477881760621383,0.0037866759939608613
thorough!string,10.13958907493711,21.477881760621383,0.9329472125719648
midmostfight,7.034437065868729,21.477881760621383,0.9298791166838785
old-person,11.129361931280606,21.477881760621383,0.9533817423218384
oldperson,11.129361931280606,21.477881760621383,0.9530014423674535
ridiculous@bore,11.751053188485885,21.477881760621383,0.9533942305914053
taky@sire,9.564019921505205,21.477881760621383,0.9266235742983315
sportive-brown,6.521998756749311,21.477881760621383,0.47711529701798144
littlebird,5.473046762109408,21.477881760621383,0.23446128075381933
longlegs,4.733919838132971,21.477881760621383,0.9486530422089039
foeman@face,6.499520735265176,21.477881760621383,0.9508965805558781
contemptuoussmile,6.521049581751721,21.477881760621383,0.9500728415782841
dead@music,15.044841234529486,21.477881760621383,0.9507508528392445
littlegrass,8.8012732487863,21.477881760621383,0.9439012997594803
solitary.language,12.054854746877265,21.477881760621383,0.9439372150708193
enthusiastic-prohibits,16.792606792959912,21.477881760621383,0.9507325137897805
old-man,5.165596313087671,21.477881760621383,0.9531449827990023
large@liberty,9.656452142122498,21.477881760621383,0.953216478106218
tikky@parts,14.877341121019755,21.477881760621383,0.9424870223133901
unsteady-terror,16.792606792959912,21.477881760621383,0.46931305406198176
serried!air,11.753973244814675,21.477881760621383,0.12010492742655078
calm!dolomphious,16.964131183903163,21.477881760621383,0.9522290461682165
little!heap,10.820357115138101,21.477881760621383,0.9507847199773863
darkestcry,11.706744089286815,21.477881760621383,0.9489777982430364
wretched!dawn,12.102994044590453,21.477881760621383,0.2443075969175185
wistfuleye,6.314288647335815,21.477881760621383,0.45994628761642076
largefrog,6.218253619046306,21.477881760621383,0.9490045985268356
scant-cigar,11.859875686189136,21.477881760621383,0.9266705266574425
smallest!sky,11.662098041408862,21.477881760621383,0.47713092970029375
lonely.pump,9.57692644353063,21.477881760621383,0.24334843924379448
less-clamour,14.984650485982211,21.477881760621383,0.47698833249788497
false.week,11.899648398164338,21.477881760621383,0.4594447346331978
leafy!trees,6.625370603174223,21.477881760621383,0.2433488792244925
fine@finger,11.92409071216993,21.477881760621383,0.9510619607855884
true@train,10.562065633231905,21.477881760621383,0.4755180282296056
daily!hens,16.792606792959912,21.477881760621383,0.46178786275912204
hummy-sound,6.593831194504443,21.477881760621383,0.4596469696432722
silver-ocean,11.899648398164336,21.477881760621383,0.9332694829850279
large@space,9.534418530943999,21.477881760621383,0.9334369060541563
old-person,11.129361931280606,21.477881760621383,0.9533817423218384
hot@wat,11.642525227029607,21.477881760621383,0.9433696130656247
inner-fire,11.928697838989182,21.477881760621383,0.9447930624178003
old-man,5.165596313087671,21.477881760621383,0.9531449827990023
old@person,11.129361931280606,21.477881760621383,0.953119521082242
sainted.ladle,12.054854746877265,21.477881760621383,0.24432638682481708
new.salt,15.030484993898854,21.477881760621383,0.9523539603389352
whatsoevermoans,11.492192115470786,21.477881760621383,0.06033145525658614
yonghy-bonghy,12.796152210121255,21.477881760621383,0.23441437122633083
old-person,11.129361931280606,21.477881760621383,0.9533817423218384
sober!sadness,6.567823290458696,21.477881760621383,0.45965067432473755
distant-land,7.217890870892629,21.477881760621383,0.9298848659270905
simple-price,16.792606792959912,21.477881760621383,0.11348746407852907
wild@words,8.706971547814844,21.477881760621383,0.950677994817419
little!beware,8.606294188098174,21.477881760621383,0.0037861073628039908
old!person,11.129361931280606,21.477881760621383,0.953428106253929
young!geese,5.488367727667212,21.477881760621383,0.9329570632135493
young.cats,5.62467949748815,21.477881760621383,0.452663474993004
blue-leaves,6.240684205911283,21.477881760621383,0.11324556196435057
plumdomphious.manner,4.935675147877489,21.477881760621383,0.9257791898776658
youngparrots,5.589044196482408,21.477881760621383,0.2335638073622078
longmimic,14.223874611708013,21.477881760621383,0.4615912037800335
chanklybore,6.4465112744535,21.477881760621383,0.1132446314359
himmeltanious.chatter,11.526550792556172,21.477881760621383,0.24293208219848586
greedyrattling,16.792606792959912,21.477881760621383,0.015248106798910109
younggeese,5.488367727667212,21.477881760621383,0.915589820779159
young-parrots,5.589044196482408,21.477881760621383,0.12068493764918832
goodly!existence,16.792606792959912,21.477881760621383,0.4483225888632343
brownjar,10.206580053469471,21.477881760621383,0.948771972609627
young!geese,5.488367727667212,21.477881760621383,0.9329570632135493
youngparrots,5.589044196482408,21.477881760621383,0.2335638073622078
young!geese,5.488367727667212,21.477881760621383,0.9329570632135493
oldurn,6.391404632478309,21.477881760621383,0.2418615112983199
young.lady,10.275263587036761,21.477881760621383,0.459707854408532
oldman,5.165596313087671,21.477881760621383,0.06019244941481657
old.man,5.165596313087671,21.477881760621383,0.9530163510584126
brown-bread,5.668225733698496,21.477881760621383,0.47704588376575496
latin@laughter,11.833879734979645,21.477881760621383,0.457377568339865
random-gin,17.320927626533628,21.477881760621383,0.2451946504717052
little.brother,5.70897049355971,21.477881760621383,0.45647814771439293
wide-way,12.088934622618144,21.477881760621383,0.9524787525624718
keenspeed,11.695537899661659,21.477881760621383,0.9531903376245535
old.man,5.165596313087671,21.477881760621383,0.9530163510584126
crestedperson,18.66743708126251,21.477881760621383,0.47289747602244947
old-person,11.129361931280606,21.477881760621383,0.9533817423218384
spice!starch,11.859875686189136,21.477881760621383,0.9530010385969029
appropriatebegin,12.300509944932665,21.477881760621383,0.4598284440808103
good-rules,5.8265644731849555,21.477881760621383,0.9361996566977125
righteye,5.593959839655412,21.477881760621383,0.0018734202198645849
old!men,7.001985069007624,21.477881760621383,0.47711555683867257
ryghte@day,12.074807372436865,21.477881760621383,0.9199520443789111
old-man,5.165596313087671,21.477881760621383,0.9531449827990023
discordant@stick,11.488064878927528,21.477881760621383,0.9530162107104734
stunning-prayer,11.695541897469854,21.477881760621383,0.45647668305587563
little@time,5.640788366916007,21.477881760621383,0.4573283921653036
little-villa,5.154670143911919,21.477881760621383,0.930020279318335
livelyjones,5.490498626698656,21.477881760621383,0.9447331707859881
sportive@brown,6.521998756749311,21.477881760621383,0.9415530093762623
old!man,5.165596313087671,21.477881760621383,0.9530298480801619
old-guinea,12.155603604795557,21.477881760621383,0.9441977445735409
waesome.turnspits,16.792606792959912,21.477881760621383,0.4498117239028329
younggeese,5.488367727667212,21.477881760621383,0.915589820779159
wonderful-person,13.92968503517986,21.477881760621383,0.9534699482810708
old@man,5.165596313087671,21.477881760621383,0.9529677379221082
earlyhead,12.056883545709304,21.477881760621383,0.45725143815957264
little!lark,4.990727660007486,21.477881760621383,0.015309603673217969
first.cavern,14.198792533386344,21.477881760621383,0.9528069906829973
hot-scalding,12.795584709569459,21.477881760621383,0.9401445355220736
young@lady,10.275263587036761,21.477881760621383,0.4597078544084924
young@lady,10.275263587036761,21.477881760621383,0.4597078544084924
lively.jones,5.490498626698656,21.477881760621383,0.4487198017800475
human-tone,11.67570915567545,21.477881760621383,0.11223353615368187
inventiveprohibits,16.792606792959912,21.477881760621383,0.003756840097164359
bated@head,11.811228347653904,21.477881760621383,0.015021401195994237
waesome-voice,12.19809110594003,21.477881760621383,0.9532486129990431
young@lady,10.275263587036761,21.477881760621383,0.4597078544084924
old!man,5.165596313087671,21.477881760621383,0.9530298480801619
remarkable!pies,11.695537899661659,21.477881760621383,0.24415734235611788
stormy-face,11.765576735668915,21.477881760621383,0.4589801861302483
white@sides,15.179637986222595,21.477881760621383,0.030048517410831286
young@geese,5.488367727667212,21.477881760621383,0.9329570632135813
calm.deliberation,7.341757125807554,21.477881760621383,0.9512200153832219
falselips,7.529562462783822,21.477881760621383,0.950459479410494
solitary.patties,11.630535329298825,21.477881760621383,0.459921672674586
fourth!sceptic,16.792606792959912,21.477881760621383,0.9202015425579307
yonghy.bonghy,12.796152210121255,21.477881760621383,0.47547928412242196
little!villa,5.154670143911919,21.477881760621383,0.930020279318335
straight-line,5.380550902885363,21.477881760621383,0.05954024409625987
foeman@swaying,16.792606792959912,21.477881760621383,0.9206312226848761
new@hat,6.058986501567379,21.477881760621383,0.9205605364242045
merry@piece,17.654260959866964,21.477881760621383,0.45963794421953763
sportive@brown,6.521998756749311,21.477881760621383,0.9415530093762623
cheerfulstring,12.054854746877265,21.477881760621383,0.45268121306556974
old@person,11.129361931280606,21.477881760621383,0.953119521082242
sweet!thing,10.125664122566274,21.477881760621383,0.015256149939938912
little-wink,5.70897049355971,21.477881760621383,0.9489970661922364
lively!jones,5.490498626698656,21.477881760621383,0.4487198017800475
sportive!brown,6.521998756749311,21.477881760621383,0.23441689780905878
greedychains,16.792606792959912,21.477881760621383,0.12009804019646166
darknobility,9.507381807933873,21.477881760621383,0.24269288229482266
gentle-thing,12.044954071939955,21.477881760621383,0.2353760545769372
little.space,5.391957821693082,21.477881760621383,0.4562992186398532
young-lady,10.275263587036761,21.477881760621383,0.4597078544085275
giddystern,12.300501505528516,21.477881760621383,0.2352019155823583
foemanface,6.499520735265176,21.477881760621383,0.4693882754182251
latin-lesson,12.249842247117648,21.477881760621383,0.4615561400524775
stony!grace,11.48560543295546,21.477881760621383,0.9530033843373061
green-color,9.95082481345681,21.477881760621383,0.9265969633789823
large!frog,6.218253619046306,21.477881760621383,0.9499088392549662
wide!boss,17.756968391654407,21.477881760621383,0.9328560155116308
young!geese,5.488367727667212,21.477881760621383,0.9329570632135493
young-geese,5.488367727667212,21.477881760621383,0.9329570632135582
youngcats,5.62467949748815,21.477881760621383,0.953189731820763
separatefire,11.928697838989182,21.477881760621383,0.11325482347102367
only.quarrelling,9.27056636210706,21.477881760621383,0.4572817578628117
utmost.pancaky,16.792606792959912,21.477881760621383,0.4617989256293732
proper!thing,7.216991492769049,21.477881760621383,0.915658534998312
little.wink,5.70897049355971,21.477881760621383,0.9489970661920666
redsunset,11.159135917244123,21.477881760621383,0.9447854921585074
old-man,5.165596313087671,21.477881760621383,0.9531449827990023
old!person,11.129361931280606,21.477881760621383,0.953428106253929
mindless@tart,11.48560543295546,21.477881760621383,0.9425420389273913
haggardeye,6.647613540968777,21.477881760621383,0.9141593855233089
false.lips,7.529562462783822,21.477881760621383,0.950784171128874
haggard.likeness,11.526550792556172,21.477881760621383,0.4535144321877334
ready!run,12.093074265750602,21.477881760621383,0.4527838778939008
mighty-town,9.599976605494557,21.477881760621383,0.24523392097257857
old@man,5.165596313087671,21.477881760621383,0.9529677379221082
old@person,11.129361931280606,21.477881760621383,0.953119521082242
little-eyes,5.525317659354033,21.477881760621383,0.9490238374296516
little@whisper,10.087796553305736,21.477881760621383,0.11365513232086338
old.man,5.165596313087671,21.477881760621383,0.9530163510584126
old@person,11.129361931280606,21.477881760621383,0.953119521082242
little!book,5.5188812700260526,21.477881760621383,0.4599182983548724
happy-way,11.92958552368326,21.477881760621383,0.01486427593270933
old!man,5.165596313087671,21.477881760621383,0.9530298480801619
fair@hiawatha,10.175245004709096,21.477881760621383,0.9498729930150507
propermayor,12.142532882155194,21.477881760621383,0.23350417166273665
giddy!hound,11.500554397229472,21.477881760621383,0.9531455179951839
silent.day,9.872042875080021,21.477881760621383,0.9508643960636174
dolorous!man,7.528003545969114,21.477881760621383,0.46178876787238776
old@person,11.129361931280606,21.477881760621383,0.953119521082242
darktrain,10.281324081650167,21.477881760621383,0.11364828706695047
perpendicular.grasp,14.877341121019755,21.477881760621383,0.9443026212986175
bad@tone,11.67570915567545,21.477881760621383,0.9533937297594784
pale@hours,12.063104245138627,21.477881760621383,0.9489248364305315
aching@strife,11.488064878927528,21.477881760621383,0.4568394113121472
oldperson,11.129361931280606,21.477881760621383,0.9530014423674535
old@man,5.165596313087671,21.477881760621383,0.9529677379221082
black!fit,12.478159012259278,21.477881760621383,0.9505676791350101
pert@expressions,6.234498396825733,21.477881760621383,0.9401516276802343
rightexpression,5.709153091577519,21.477881760621383,0.12074199204425122
patientbrow,11.547023878912157,21.477881760621383,0.23453436315477946
greedy!echoes,16.987594293200296,21.477881760621383,0.9363124749911124
new@side,9.94300736848989,21.477881760621383,0.9265892016238277
little-ducklings,10.446722539642359,21.477881760621383,0.45995369522112106
tinybody,7.562741020189819,21.477881760621383,0.11325622341800526
old-person,11.129361931280606,21.477881760621383,0.9533817423218384
young!lady,10.275263587036761,21.477881760621383,0.4597078544085324
short.air,11.810614911962112,21.477881760621383,0.9447845530870466
old-person,11.129361931280606,21.477881760621383,0.9533817423218384
littleheap,10.820357115138101,21.477881760621383,0.9447604823037173
little@piece,11.30837670654941,21.477881760621383,0.9260528629471827
little-dove,5.142180625609973,21.477881760621383,0.933396983564572
littlefish,4.870911583909897,21.477881760621383,0.23445752112186263
little!goose,4.890562056573203,21.477881760621383,0.11950187204133861
eager@sigh,11.573282018051032,21.477881760621383,0.9332715410832955
early@pumpkins,12.404508741677299,21.477881760621383,0.4771047878463903
old!person,11.129361931280606,21.477881760621383,0.953428106253929
young-lady,10.275263587036761,21.477881760621383,0.4597078544085275
secretuntold,12.583141823722977,21.477881760621383,0.44904949673320893
little-fish,4.870911583909897,21.477881760621383,0.23520791700558058
quadrille-conviction,16.792606792959912,21.477881760621383,0.9363114128077342
low-strays,9.482714947452614,21.477881760621383,0.9266427874177122
flowery!holes,16.792606792959912,21.477881760621383,0.9529968310385993
most-gracilis,9.320906005062533,21.477881760621383,0.9364373324819935
wildest!confusion,6.260494792152435,21.477881760621383,0.9529941557493048
angry!ocean,5.4426696980814055,21.477881760621383,0.9447522132435968
old@man,5.165596313087671,21.477881760621383,0.9529677379221082
oldperson,11.129361931280606,21.477881760621383,0.9530014423674535
green-face,9.41590004359721,21.477881760621383,0.4572858241988079
young-person,11.935204000535379,21.477881760621383,0.12006514958620178
secret!land,12.076499610103511,21.477881760621383,0.9450200295693943
merry-districts,16.792606792959912,21.477881760621383,0.9500834340923686
early@pumpkins,12.404508741677299,21.477881760621383,0.4771047878463903
lofty!tower,6.200139719740346,21.477881760621383,0.9481096178884456
lordly!shore,11.84931413903382,21.477881760621383,0.45655889350782486
quaint-score,14.877341121019755,21.477881760621383,0.9442242782647673
hasty-whisper,16.792606792959912,21.477881760621383,0.9352230066857844
dreadful@girl,12.223842742334927,21.477881760621383,0.23599937065572846
young@person,11.935204000535379,21.477881760621383,0.11896408945921204
old!man,5.165596313087671,21.477881760621383,0.9530298480801619
appropriate-tread,11.695537899661659,21.477881760621383,0.46952945673225105
third.refrain,16.930952626052857,21.477881760621383,0.9534500675301517
pelican.voices,12.404511360927943,21.477881760621383,0.9529529503678447
long.tail,5.371181146925824,21.477881760621383,0.9505673888793004
long.toasteses,14.223874611708013,21.477881760621383,0.235351541752136
little.urn,4.868471778396856,21.477881760621383,0.47560401911776556
littlegoose,4.890562056573203,21.477881760621383,0.235367939002136
little@goose,4.890562056573203,21.477881760621383,0.11950187204133901
little!wink,5.70897049355971,21.477881760621383,0.9489970661924296
newquestion,10.01511626877115,21.477881760621383,0.95042761716891
exhaustivepuff,11.737842075010636,21.477881760621383,0.459623226347528
midmostear,11.706744089286815,21.477881760621383,0.45728791066874774
blue.hands,6.833994100613531,21.477881760621383,0.459915974361942
early@comer,11.772205990611575,21.477881760621383,0.23685016777437934
stupid@brow,11.547023878912157,21.477881760621383,0.9401576602940053
crimson@sprite,11.683048483850596,21.477881760621383,0.015198198338270331
unpitying@aching,16.792606792959912,21.477881760621383,0.9512339917207399
weary.hands,8.265063715772543,21.477881760621383,0.9508851676507493
earlypumpkins,12.404508741677299,21.477881760621383,0.9508855388329757
sober-geography,16.792606792959912,21.477881760621383,0.9442164724787261
oldman,5.165596313087671,21.477881760621383,0.06019244941481657
stupid!calls,11.859875686189136,21.477881760621383,0.9405341280362172
largeartist,9.323127248489536,21.477881760621383,0.45282491644130524
trackless@sky,11.662098041408862,21.477881760621383,0.9424943470590432
bad-word,11.700164449239326,21.477881760621383,0.9488272569184862
yonghy@bonghy,12.796152210121255,21.477881760621383,0.926570647890247
foreign!copper,16.792606792959912,21.477881760621383,0.9203046096869363
ceaseless!din,6.901148628208868,21.477881760621383,0.953440206051184
mindless!shock,11.526550792556172,21.477881760621383,0.2351338156264312
old@man,5.165596313087671,21.477881760621383,0.9529677379221082
younglady,10.275263587036761,21.477881760621383,0.9334131002658076
simple.song,11.689622890482047,21.477881760621383,0.9527904100616158
tis@tongue,14.326676153288588,21.477881760621383,0.950494867821561
ridicule@sikky,14.71773447972586,21.477881760621383,0.24182954109911325
vexed-trembling,16.88028492823784,21.477881760621383,0.4577484056048878
livelyjones,5.490498626698656,21.477881760621383,0.9447331707859881
yonghy-bonghy,12.796152210121255,21.477881760621383,0.23441437122633083
unflagging-tread,6.4294818992579215,21.477881760621383,0.24187273965430314
scared!dullard,12.028871232994993,21.477881760621383,0.9364875620519766
comfortable!performance,16.792606792959912,21.477881760621383,0.0018696695482265816
littleghost,5.054955157297928,21.477881760621383,0.950699443119867
little@goose,4.890562056573203,21.477881760621383,0.11950187204133901
stumpy.caky,9.611285120616019,21.477881760621383,0.45944698586869387
littleshrimp,4.990727660007486,21.477881760621383,0.4756070495070015
little@fish,4.870911583909897,21.477881760621383,0.23520791700551158
scared.linger,16.987594293200292,21.477881760621383,0.11324094060422696
beautifulcamel,8.965228330307246,21.477881760621383,0.2440400433393822
russian!grace,11.48560543295546,21.477881760621383,0.45970608055254375
young.storks,5.508711263634223,21.477881760621383,0.9202846881238739
young!lady,10.275263587036761,21.477881760621383,0.4597078544085324
righthome,11.2037197135404,21.477881760621383,0.23441371598295918
blue@boss,11.031089691974229,21.477881760621383,0.12075896661029403
rural.harmony,11.859875686189136,21.477881760621383,0.9291350746467691
small.clothes,6.770359219227151,21.477881760621383,0.920562218197113
voluminous.manner,6.850940819817644,21.477881760621383,0.46946787294319825
delirious@ducks,16.899916157922366,21.477881760621383,0.9156581433997655
blue@countrie,9.527405789920346,21.477881760621383,0.942516769450395
chankly-bore,6.4465112744535,21.477881760621383,0.9439931570126803
oldman,5.165596313087671,21.477881760621383,0.06019244941481657
high.testimonial,9.183828120275004,21.477881760621383,0.23453512987766623
greedy.tread,11.695537899661659,21.477881760621383,0.24508688681499174
young.geese,5.488367727667212,21.477881760621383,0.9329570632135505
young-lady,10.275263587036761,21.477881760621383,0.4597078544085275
old-man,5.165596313087671,21.477881760621383,0.9531449827990023
wide-bottle,17.517004364718648,21.477881760621383,0.06047829082399429
young!geese,5.488367727667212,21.477881760621383,0.9329570632135493
young-owls,5.589044196482408,21.477881760621383,0.945256569101946
large.mouse,9.52349043607608,21.477881760621383,0.2335176631945599
sour!leap,11.859875686189136,21.477881760621383,0.9504117738366342
old!man,5.165596313087671,21.477881760621383,0.9530298480801619
young-parrots,5.589044196482408,21.477881760621383,0.12068493764918832
younggeese,5.488367727667212,21.477881760621383,0.915589820779159
crimson!fairy,11.683048483850596,21.477881760621383,0.4694722249224068
young@geese,5.488367727667212,21.477881760621383,0.9329570632135813
young.geese,5.488367727667212,21.477881760621383,0.9329570632135505
younggeese,5.488367727667212,21.477881760621383,0.915589820779159
silken.mystery,12.054863186429516,21.477881760621383,0.932946173534684
plum.pudding,5.073415730328205,21.477881760621383,0.9206193108321843
epicure-frogs,17.125940126293244,21.477881760621383,0.11322868677999078
absolute@flannel,11.500554397229472,21.477881760621383,0.24172748081067996
simple-city,12.526533913303544,21.477881760621383,0.0009502467595949967
largelettuce,6.698413834847187,21.477881760621383,0.9533873754318136
young!lady,10.275263587036761,21.477881760621383,0.4597078544085324
photographic@tie,16.899916157922366,21.477881760621383,0.953141046510675
little.doggie,9.329551886820243,21.477881760621383,0.45397128348032456
inexpressive@pace,11.500554397229472,21.477881760621383,0.4598397296521075
false@lips,7.529562462783822,21.477881760621383,0.9507841711291408
long!legs,4.733919838132971,21.477881760621383,0.0596161268967242
