freely!moppsikon!sate,16.87447278885821,30.009263221137697,0.46148985156642935
mainlyabstractwomanhood,11.196000284239712,30.009263221137697,0.2345396237547754
sparely.dumb.twiny,12.688047643528941,30.009263221137697,0.9398445246077783
accurately-overbearing-horizon,12.632449538194829,30.009263221137697,0.11325629352517518
partly!mutual!millions,16.581991538497633,30.009263221137697,0.44981289432395527
ceaseless.thorough.turnips,16.581991538497633,30.009263221137697,0.242847153300424
accurately.friskier.stairs,16.581991538497633,30.009263221137697,0.44921447883714927
consistently!efficacious!fishes,11.539684122304239,30.009263221137697,0.4539474595799978
slightly.flowery.hill,12.687681051365526,30.009263221137697,0.4615777219950299
thereby.hither.beggar,16.581991538497633,30.009263221137697,0.47705010866307407
wheedly-twisty-will,13.80820223023755,30.009263221137697,0.24291400078407274
shallyfizzgiggiousnotice,16.581991538497633,30.009263221137697,0.45654844624402224
gradually!subdued!stanza,13.028677503935647,30.009263221137697,0.11325402393399116
upside@tenderest@king,13.08515912052341,30.009263221137697,0.24524200946672264
instead!high!daughters,15.572780089041668,30.009263221137697,0.47551483708089715
latehushaccomplishment,16.808714187399758,30.009263221137697,0.9450941961615843
sideways@yearning@wretch,16.978232163677923,30.009263221137697,0.4771197501595694
always@whatsoever@birdies,15.145542284542516,30.009263221137697,0.24271974238111896
headlong-gold-state,11.472729572129234,30.009263221137697,0.23349862788131828
instead!absolute!hornpipe,15.476024308264357,30.009263221137697,0.9444264576275659
downwards-plum-crowd,13.322198000229271,30.009263221137697,0.45884077099664367
still-neuralgia-speck,14.412184742123536,30.009263221137697,0.24510379847689917
shovely!slender!kind,13.221530577309581,30.009263221137697,0.4487297206368994
upside!little!hamlet,16.722966759795966,30.009263221137697,0.9266270585660249
courteously-amblongus-popinjay,12.598484370954836,30.009263221137697,0.9300165167480274
unsuccessfully@interested@secret,16.67263405834381,30.009263221137697,0.9396446064319174
frequentlynursybrain,12.759189868523944,30.009263221137697,0.944329716031161
considerably!severe!shoals,12.88244320841955,30.009263221137697,0.9512208407654343
onlyuntiedintelligence,10.690467545133272,30.009263221137697,0.952347364597091
nevertheless-underground-dorking,11.35446874608056,30.009263221137697,0.9354857991056728
hardly@rude@kitchen,16.97823216367792,30.009263221137697,0.003755292961613404
fondly-false-train,13.21290624348205,30.009263221137697,0.45333317734864476
singlymimiccape,12.862949243343657,30.009263221137697,0.46958575301940264
doon!long!lettuce,13.687719267025749,30.009263221137697,0.23336317169194148
gladly-near-picture,13.908896363600455,30.009263221137697,0.46949841075281895
singly!contemptuous!thorns,16.581991538497633,30.009263221137697,0.9508611770854599
dumblymutualfays,11.196000284239712,30.009263221137697,0.45384903989459263
respectfullycuriousstar,11.420225383111724,30.009263221137697,0.9505960112034736
needly@unable@spider,15.129596678391803,30.009263221137697,0.1203954290522031
rapidly-astonishing-white,13.032716168043946,30.009263221137697,0.2332621206816597
round!cheerful!communications,15.210078702113645,30.009263221137697,0.2429317143123726
excessively-scrubby-waking,16.581991538497633,30.009263221137697,0.9510939471736798
strown.virtuous.inspection,12.88244320841955,30.009263221137697,0.4751607160739672
past!unbeguiled!suet,12.851066817673862,30.009263221137697,0.9505735670408707
then!luminous!term,14.1806815118099,30.009263221137697,0.46952944671607916
plainly!efficacious!purposes,16.581991538497633,30.009263221137697,0.4756042191605646
doon.yearning.leetle,13.10916585732168,30.009263221137697,0.45282577343914376
most@kind@knock,11.512585498736803,30.009263221137697,0.915664636190672
exactly!awake!shilling,10.77865175320664,30.009263221137697,0.9531461177421618
aroundunsteadymuse,14.849550460302007,30.009263221137697,0.9300133473656116
presentlyutmostcrows,14.879596678391803,30.009263221137697,0.9507730245523509
midnighttchokiscantab,11.322743612924976,30.009263221137697,0.4694678870271748
swiftly!incongruous!sails,16.581991538497633,30.009263221137697,0.234524528982554
pastcloseworry,16.88109084169851,30.009263221137697,0.936315336956116
shingly.delirious.sobs,13.028677503935647,30.009263221137697,0.9396410046835733
charmingly-sportive-cough,16.831991538497633,30.009263221137697,0.4526661435354987
continually-fashioned-gale,10.77865175320664,30.009263221137697,0.9265970526369244
fondly!jubilant!element,16.581991538497633,30.009263221137697,0.9529156855833323
enthusiasticallysaucyfaces,15.145542284542516,30.009263221137697,0.9427496456584007
visibly@winsome@chins,12.632449538194829,30.009263221137697,0.2360172416591891
wherein@fishy@dungeons,15.145542284542516,30.009263221137697,0.940053782818526
instinctively!crystal!lamps,16.581991538497633,30.009263221137697,0.4616112434082689
sadly.gingerbread.woollen,15.042615852536729,30.009263221137697,0.9447187861136098
shortly@twin@strangeness,15.145542284542516,30.009263221137697,0.9451318034993659
feebly.vapoury.share,11.445993954464434,30.009263221137697,0.9529873409621894
tolerably.less.dolly,12.712931561916669,30.009263221137697,0.942575904091502
exceedingly-mature-mourner,16.581991538497633,30.009263221137697,0.9451313631066017
hoarselyunhappilyposteses,16.581991538497633,30.009263221137697,0.44922710836812213
hoarsely.tame.junction,12.612952241699803,30.009263221137697,0.4616102398058563
really.unflagging.wandering,15.145542284542516,30.009263221137697,0.9525037089299782
swiftlypainlesspots,12.632449538194829,30.009263221137697,0.9443292078864284
perpetually-peaceful-chatter,16.581991538497633,30.009263221137697,0.9531411294515831
most!asleep!guests,14.927757947877403,30.009263221137697,0.45985870458084305
clearly@hoary@crocodile,16.831991538497633,30.009263221137697,0.45385495184942787
consistently!eastern!idiot,15.145542284542516,30.009263221137697,0.9349664226880341
aptly!thirsty!remark,12.710437940751818,30.009263221137697,0.4615554321910213
fairlybeautifulgruel,12.691065851604085,30.009263221137697,0.23356043517827005
homewardforlornexcelsior,16.978232163677923,30.009263221137697,0.9261176904546823
somewheregrandpaws,12.632449538194829,30.009263221137697,0.9453013718350518
usually-ready-waking,16.63015280798323,30.009263221137697,0.4756041462965376
shortly!poor!wraith,11.196000284239712,30.009263221137697,0.9155841567075328
constantly!faithful!scenes,16.581991538497633,30.009263221137697,0.2419226157196709
tenderly-triumphant-beetle,12.943428268734275,30.009263221137697,0.24508622438226857
wholly-brown-parrots,13.234362221904583,30.009263221137697,0.9509096615086434
calmly!midnight!venison,11.592234579644723,30.009263221137697,0.1126479892567262
calmly-delusive-sake,11.167135849018228,30.009263221137697,0.9264781719833058
simply!fashioned!weeky,16.581991538497633,30.009263221137697,0.24268462100396046
cheerfully.arctic.infection,12.632449538194829,30.009263221137697,0.9398470267584264
cheaply.strong.jolly,12.632449538194829,30.009263221137697,0.11223140396637361
placidly@beautiful@handful,16.64060785190689,30.009263221137697,0.9512121199618169
somewhere@glorious@stocks,16.581991538497633,30.009263221137697,0.4513706498346798
richly-behold-disorder,13.066684606961102,30.009263221137697,0.9506485183532133
soon.greedy.bawn,15.198418310840944,30.009263221137697,0.059567690881450475
strangely-cutaneous-singularis,12.632449538194829,30.009263221137697,0.4590055553104308
happily@bitter@hours,11.536642158185362,30.009263221137697,0.47505568804732096
fourthlyexhaustiveswiss,16.581991538497633,30.009263221137697,0.9291221303771955
directly.dulcet.rocket,12.712931561916669,30.009263221137697,0.9503977329813135
wholly.inspector.heed,12.862946245012434,30.009263221137697,0.9534638255902684
badly@noble@buzz,13.132430549202248,30.009263221137697,0.45370385871252183
right.rocky.shufflings,15.339944179208404,30.009263221137697,0.24293181561384597
well.meditative.ballad,14.703948979643897,30.009263221137697,0.929733216145755
here@unresisting@courtesy,14.619344925224917,30.009263221137697,0.4587514919478989
graduallymidmostorange,13.028677503935647,30.009263221137697,0.9486531766233487
bemble-less-thorns,16.662473562219475,30.009263221137697,0.2335540680611902
farthermuchfight,11.900831904394638,30.009263221137697,0.9529911543766584
tweedly@photographic@hours,11.481044052851251,30.009263221137697,0.23441271089018478
grandly@frantic@artichokes,12.88244320841955,30.009263221137697,0.9297284946394793
nigh-swinish-pumpkins,17.41247356221947,30.009263221137697,0.45728372642552134
plainly@loud@plumpskin,17.30871418739976,30.009263221137697,0.9352166425050993
outright@dreary@transport,16.831991538497633,30.009263221137697,0.9205626894587281
tightly.deaf.tute,12.632449538194829,30.009263221137697,0.9399975866259278
before.wolfish.plan,10.962893151748192,30.009263221137697,0.46938235922981714
finally@gold@marseilles,11.280262362564399,30.009263221137697,0.45607660549218476
consecutively@fairest@tops,16.581991538497633,30.009263221137697,0.4694663958639661
consistently-fourth-popple,11.842215590985383,30.009263221137697,0.9329529934283204
mainlyexpensiveleaps,11.196000284239712,30.009263221137697,0.11325580843749208
loudly@doubtful@fetch,16.978232163677923,30.009263221137697,0.24187239209819178
partially.passé.geography,16.581991538497633,30.009263221137697,0.46117511668210825
downwards-distasteful-turban,12.88244320841955,30.009263221137697,0.953379978021822
overhead-strange-rosebuds,17.058714187399758,30.009263221137697,0.45281048784340217
excessively@last@walk,13.062507517765797,30.009263221137697,0.11324786043325567
abroad@dark@fall,13.12207794465869,30.009263221137697,0.4540516887213993
halfimpulsivemanhood,16.74005859237251,30.009263221137697,0.9297265017232038
abruptly@unpitying@weather,12.856676601494124,30.009263221137697,0.4595325706393442
happily@angry@goods,11.21087886868217,30.009263221137697,0.003765250162609416
gracefully@shiny@business,15.145542284542516,30.009263221137697,0.4535372460900074
incessantly!daily!size,12.856676601494124,30.009263221137697,0.944247723148168
only!oblong!soap,14.640009545436076,30.009263221137697,0.23349235549577688
after-terrible-crag,14.519584920244307,30.009263221137697,0.4572556526037923
possiblynastypardon,12.632449538194829,30.009263221137697,0.45884078167584524
then!roman!heat,9.906044109677957,30.009263221137697,0.9529590096069481
near!baleful!visiteth,11.526482307961553,30.009263221137697,0.4769848280315158
foreverfranticgift,16.831991538497633,30.009263221137697,0.9529955992242196
loose@loving@foot,11.592228249980531,30.009263221137697,0.46924646105030327
inwardlymanycopper,16.7373636326842,30.009263221137697,0.24284696209403223
formerly@tranquil@chertsey,11.176502987744687,30.009263221137697,0.4598701780487477
longer!green!chin,12.80143844752049,30.009263221137697,0.9505908307005357
enthusiasticallyslowwatch,11.933921833830189,30.009263221137697,0.46953570562645813
nevervariousimitation,16.79918040517807,30.009263221137697,0.23450702882610713
thereby@orange@effort,16.581991538497633,30.009263221137697,0.9264668459642421
instinctively-upright-hoddy,16.581991538497633,30.009263221137697,0.1207561205409779
high@delirious@crocodile,15.074949534286755,30.009263221137697,0.45397660169285287
alwayreverentruss,13.132443208419552,30.009263221137697,0.9294360047757488
regardless@brown@turkey,11.794976789834124,30.009263221137697,0.9298465212277137
heavily.heavenly.amazement,12.862952241699803,30.009263221137697,0.4564297541460687
bitter!oracular!surmise,12.688047643528941,30.009263221137697,0.948858437519623
regardlessrattlesnakejackdaw,11.196000284239712,30.009263221137697,0.9398341526448577
here-battered-bonfires,14.619344925224917,30.009263221137697,0.46002685049823056
vainly@desperate@mask,15.145542284542516,30.009263221137697,0.9507196634826605
least@unable@glance,13.212918902477195,30.009263221137697,0.9266455119439719
togetherintensewhim,10.962893151748192,30.009263221137697,0.1132259621194458
whereon.spikky.heap,15.379317510745219,30.009263221137697,0.11897957000640409
undoubtedlyobscuredaughter,12.934061283742876,30.009263221137697,0.9364655490171329
louderenthusiasticfeast,12.856674637066842,30.009263221137697,0.24409802619613924
capriciously!steadfast!blend,12.632449538194829,30.009263221137697,0.11419478678661549
constantly!public!base,16.581991538497633,30.009263221137697,0.47552784209239296
usuallybitterfins,12.688047643528941,30.009263221137697,0.9529223038907418
away!violent!language,12.157986851438979,30.009263221137697,0.45965674544804563
hitherto.addicted.exception,16.581991538497633,30.009263221137697,0.4593951317892969
alwaysshrillpower,11.176502987744687,30.009263221137697,0.9534667457449065
here.futile.museum,14.765585550405204,30.009263221137697,0.4578182919277775
exactly@uncommonly@bagpipes,14.728193753509444,30.009263221137697,0.9398344189528719
particularly@particular@jingle,16.581991538497633,30.009263221137697,0.9146938397325524
greatly.candid.hand,12.936885928426111,30.009263221137697,0.9506057323563692
proudly!mendacious!bantam,12.632449538194829,30.009263221137697,0.06019303532043036
stealthilyglitteringupsidownia,11.180054678088998,30.009263221137697,0.9297535373486466
excessively@regal@moses,16.581991538497633,30.009263221137697,0.9297242319505276
patiently-nice-coronal,16.887589643831745,30.009263221137697,0.23352294539730667
sublyme.efficacious.bubble,16.581991538497633,30.009263221137697,0.9349637851455496
frequently-scared-chin,12.749825728153633,30.009263221137697,0.9507779940962299
because.different.squall,10.496859521791075,30.009263221137697,0.4565263122130212
uneasily!bodied!kitmutgars,16.581991538497633,30.009263221137697,0.9364991145153128
willingly@gracious@barrel,16.581991538497633,30.009263221137697,0.9504876145647981
simply-sanguinary-shine,12.862946245012434,30.009263221137697,0.9529774250051959
wheedly@battered@curves,16.581991538497633,30.009263221137697,0.4693900835139974
just@lithe@contemplation,14.760015930653902,30.009263221137697,0.9264778768412127
bitter-serene-digression,12.872289042070491,30.009263221137697,0.24434548758487729
hurriedly@bright@ecstasy,11.172338674593902,30.009263221137697,0.11325496136031724
safely-meditative-mighty,16.581991538497633,30.009263221137697,0.929744302714653
excessively@high@knock,12.979198989196862,30.009263221137697,0.9500477717205925
best-ethereal-warmth,15.32978368308407,30.009263221137697,0.12069041862779857
properlyinterestingvisit,13.334250291723757,30.009263221137697,0.23450704452303658
somehow.dumpy.napkin,12.632449538194829,30.009263221137697,0.9146531929229095
clerkly-excessive-tenant,16.581991538497633,30.009263221137697,0.4755283009273037
backgreatdoom,11.712369102549964,30.009263221137697,0.9334138407333621
horriblycountlessaxiom,12.632449538194829,30.009263221137697,0.9426783222242953
thereby!fifteenth!architect,12.632449538194829,30.009263221137697,0.9530313544950433
beyond!favorable!darkness,16.72823216367792,30.009263221137697,0.9291528657573
newly.particular.ryghte,16.831991538497633,30.009263221137697,0.4751601179876342
doubtfully!undefiled!pilgrimage,11.446000284239712,30.009263221137697,0.9525319684397023
unawares.sportive.napkin,12.882449538194829,30.009263221137697,0.9447527005473021
darkly!idle!turban,11.445993954464434,30.009263221137697,0.23444616654784511
forthwith@advantageous@creep,12.88244320841955,30.009263221137697,0.059601169522728335
bemblemanlysons,16.581991538497633,30.009263221137697,0.943866606081311
stronglylithestalk,16.581991538497633,30.009263221137697,0.4586768831294483
swiftly!wavier!junction,12.612952241699803,30.009263221137697,0.0601884437390523
downstairs!airy!chill,12.862952241699803,30.009263221137697,0.9397559457532765
muchjumblerain,11.223907577948433,30.009263221137697,0.9507405751496
exceedingly@strict@meerschaum,16.581991538497633,30.009263221137697,0.06039625606447591
quickly@welcoming@mazes,11.244161553725311,30.009263221137697,0.4600262901186008
lovingly-unheeded-spoon,11.047427946559816,30.009263221137697,0.9442714264482197
unexpectedlymagicprof,15.145542284542516,30.009263221137697,0.4756033165850512
twice-meloobious-flight,12.612952241699803,30.009263221137697,0.44981207978530086
thoroughly.sleek.boys,12.805419451264639,30.009263221137697,0.9488585242259662
i’ve@smooth@lines,15.091894886820967,30.009263221137697,0.23691807157851208
visibly-gentler-boosey,12.632449538194829,30.009263221137697,0.46155618368077167
overhead-holy-hens,16.97823216367792,30.009263221137697,0.23439345137425846
’twere.friendly.glass,15.226024308264359,30.009263221137697,0.46015542635543205
unrestrainedly.other.snores,11.234001057600977,30.009263221137697,0.9505960975782022
becausesoftfoam,14.465898818588906,30.009263221137697,0.9156583167516495
badly-ornamental-gifts,16.831991538497633,30.009263221137697,0.23446010552551125
i’ve@unmanned@message,14.549413636460386,30.009263221137697,0.9506334811327439
then-evil-deadlie,14.125083406475788,30.009263221137697,0.9401598779654593
almost!silly!fight,13.21290624348205,30.009263221137697,0.0037652075624826885
quitesteadyshoe,14.935965613211653,30.009263221137697,0.9348736867011295
downwards-profound-helm,16.581991538497633,30.009263221137697,0.9483157101149611
presently@painful@process,11.51051138337622,30.009263221137697,0.9488489796949796
tinkly!richest!sealing,15.395542284542516,30.009263221137697,0.9261355514383813
underneath!vexed!bottle,16.967777119754263,30.009263221137697,0.944297156700016
enough.manly.mitten,16.766232937039184,30.009263221137697,0.9499455256913389
homeward@harder@arguing,13.028683833599839,30.009263221137697,0.46147620865724537
upside-plainer-heart,13.200153658748263,30.009263221137697,0.4577536579308842
continuallyexcellentvotes,14.728193753509444,30.009263221137697,0.9500715820445508
wheedly.lowest.fays,12.632449538194829,30.009263221137697,0.24268068293378314
somewhat@rocky@tirlëd,16.581991538497633,30.009263221137697,0.4596291056236011
once.fashioned.blotting,14.875863663344484,30.009263221137697,0.47544574418307034
later.wolfish.hall,13.2786648449405,30.009263221137697,0.9259412782016727
properlysilentport,16.762608044615405,30.009263221137697,0.06019166128278659
loudly@unable@cares,12.632449538194829,30.009263221137697,0.9398520469932035
strownwavierechoes,16.728232163677923,30.009263221137697,0.00023427789063157844
instinctively!vague!birth,12.778690163375119,30.009263221137697,0.24176184751347138
mostvolublepictures,11.289191679807747,30.009263221137697,0.9300151510107263
sadly@shiny@barge,11.073576555738898,30.009263221137697,0.24432518580822765
considerably!dazzling!negus,12.632449538194829,30.009263221137697,0.9490045601731907
wide!close!ducky,16.885744761240346,30.009263221137697,0.9534742993975871
completely@small@brow,12.788274074863844,30.009263221137697,0.11216519629874094
freely@many@deadlie,16.9873636326842,30.009263221137697,0.9488568494653599
feebly.lordly.blessing,15.145542284542516,30.009263221137697,0.952166179916249
profoundly@barbary@botanists,16.581991538497633,30.009263221137697,0.9529565225010679
inwardly.loving.valentines,12.632449538194829,30.009263221137697,0.9515151623138908
darklyenoughdebate,15.32978368308407,30.009263221137697,0.45870347755244983
also.rugged.weather,12.856676601494124,30.009263221137697,0.11416324737572615
commonly!periwinkle!massy,16.581991538497633,30.009263221137697,0.9532437968364067
probably!newer!chickens,15.226024308264359,30.009263221137697,0.9503928025480706
charmingly@countless@chimney,16.581991538497633,30.009263221137697,0.9452956346995417
more!spasmodic!fifth,14.775729180948552,30.009263221137697,0.47300751575539346
really@gross@amazement,11.176502987744687,30.009263221137697,0.9507919710861068
till!undefiled!trouble,10.774563000657695,30.009263221137697,0.24192261234121767
nevertheless-appropriate-cart,11.445993954464434,30.009263221137697,0.9531446674969642
dimly@tall@time,13.294896668190935,30.009263221137697,0.9506021580756235
headyeinnumerableorchestra,16.581991538497633,30.009263221137697,0.44973339390531064
seriously@ordinary@trap,12.632449538194829,30.009263221137697,0.2429179536109319
again@impossible@regret,11.696000284239712,30.009263221137697,0.4693188925553125
previously@couldst@flamingoes,15.145542284542516,30.009263221137697,0.24510953567953395
around.newer.orient,14.849550460302007,30.009263221137697,0.461557667771128
hardly.glum.bottle,17.048259143476102,30.009263221137697,0.915488258704044
gladly-white-gilt,16.80871418739976,30.009263221137697,0.4753270981340224
affectionately.dearest.sheet,11.445993954464434,30.009263221137697,0.45268351011141084
heavily!purple!votes,16.869992311858894,30.009263221137697,0.0595472692464899
comfortably-able-bantam,12.924930788555406,30.009263221137697,0.4496916324138794
completely-upright-events,16.67263405834381,30.009263221137697,0.9534244977998161
jinglyspecialright,13.063732769368626,30.009263221137697,0.45569908370414197
perpetually@wistful@jackdaw,12.632449538194829,30.009263221137697,0.24293144826637833
rarely@ghostly@wainscotings,16.831991538497633,30.009263221137697,0.9442671359393989
slowly!faint!finger,11.43004834831372,30.009263221137697,0.11999410090044214
absolutely!nonsense!bushels,16.581991538497633,30.009263221137697,0.9505959709112608
course-amusing-clogs,16.714620217672326,30.009263221137697,0.4729235800039357
straightvirtuousorange,11.326282643829817,30.009263221137697,0.9453078527195639
simply@charming@castles,16.581991538497633,30.009263221137697,0.45901665802351904
still@amiable@rafter,10.712642741820732,30.009263221137697,0.06031884362517954
superficially!gramble!fishing,16.831991538497633,30.009263221137697,0.2353110611273974
clearly-vast-wings,12.999026374068388,30.009263221137697,0.9443055545597673
ladye!childish!granite,16.783830269012032,30.009263221137697,0.23453030097154148
incredibly-alone-moses,17.081991538497633,30.009263221137697,0.4491796763898329
suchimmenseevermore,11.289466322989284,30.009263221137697,0.11223143980271462
right@ingenious@limit,11.370904882410574,30.009263221137697,0.46139648728028015
nightly-sweeter-tassel,12.632449538194829,30.009263221137697,0.06046848702152607
halfvastcart,13.09610836762854,30.009263221137697,0.0018822559805932349
particularly!aghast!bushels,16.978232163677923,30.009263221137697,0.060468903479328324
headye-surprised-jumblies,16.946849443156957,30.009263221137697,0.9154797072104234
merely!vexed!neck,11.430980466387854,30.009263221137697,0.060191607358028545
unexpectedly@vexatious@strings,15.145542284542516,30.009263221137697,0.4590181184246715
unclasp-lively-sleeves,16.67263405834381,30.009263221137697,0.9513095876352522
after-couldst-mouths,14.519584920244307,30.009263221137697,0.9450188295523662
tearfully-underdone-suit,16.581991538497633,30.009263221137697,0.9300202626454582
best@ombliferous@thibet,11.380241682781264,30.009263221137697,0.9433659856458111
always.subsequent.exception,15.145542284542516,30.009263221137697,0.9505275474252924
waterwagtailsdelusivepaws,12.632449538194829,30.009263221137697,0.9489518180138633
half-grassy-toes,12.84019200883965,30.009263221137697,0.23452637130129142
there!bald!villas,13.863405591359548,30.009263221137697,0.9505989260362216
afterwards.slim.sparrow,16.831991538497633,30.009263221137697,0.24293156747324485
respectively.silvery.thrall,10.958718651079574,30.009263221137697,0.953101172325621
oftenwiserchair,11.386460900361513,30.009263221137697,0.950648640264774
unclaspnicestwing,12.862946245012434,30.009263221137697,0.9398443150057149
seriously!reluctant!picture,13.578414339878616,30.009263221137697,0.4730010703222915
anxiouslydearermoat,12.632449538194829,30.009263221137697,0.9534797367464232
thoroughly!very!shallott,12.694431416555725,30.009263221137697,0.4596537509026732
fondly!rocky!wood,12.641471739495714,30.009263221137697,0.9450073906539801
deeply@vain@jargon,16.757101468032907,30.009263221137697,0.4540442421666108
beforesicklyflood,14.912435152050998,30.009263221137697,0.45648054375263575
wyll!still!supper,13.249338266276107,30.009263221137697,0.9510772210966774
strangely-mature-creeping,16.978232163677923,30.009263221137697,0.2428312809168755
instinctively@very@corridor,16.64397341685853,30.009263221137697,0.9488539038901532
deeply-right-advance,16.77639343316352,30.009263221137697,0.060185764028632564
bitter!stony!maxim,16.637589643831745,30.009263221137697,0.9141609336016893
anxiously.back.johnson,17.033830269012036,30.009263221137697,0.9488542956046645
sometimes.monstrous.churn,15.145542284542516,30.009263221137697,0.9441695946974985
incidentally@meditative@rosewood,12.759189868523944,30.009263221137697,0.059890717149609064
where.sole.newt,10.106909865244774,30.009263221137697,0.9489494440581298
strongly-obvious-sarpint,16.581991538497633,30.009263221137697,0.46179177896496576
really@violent@imitation,15.145542284542516,30.009263221137697,0.9507406851107671
asleep@genuine@chops,12.759189868523944,30.009263221137697,0.9507661103830867
beautifully@fluffy@escape,12.632449538194829,30.009263221137697,0.4602458119160369
softly!devoid!yawn,12.759189868523944,30.009263221137697,0.9261306523860624
singly!frantic!gazers,16.581991538497633,30.009263221137697,0.9503913513518492
excessively@several@bridle,16.581991538497633,30.009263221137697,0.9512287857718561
distinctlybluebottleintroductory,12.632449538194829,30.009263221137697,0.9294362418124947
ladye-bent-granite,16.84958887047048,30.009263221137697,0.24439376501272791
ever!chilly!sense,11.052144816440082,30.009263221137697,0.9512134445380299
instead.malicious.relatives,15.476024308264357,30.009263221137697,0.23349178676371612
loudly@brief@book,12.886110586285403,30.009263221137697,0.9297264312340694
compactly.flighty.fives,12.632449538194829,30.009263221137697,0.4771490713524109
casually@dusty@steps,12.632449538194829,30.009263221137697,0.46155789437967987
completely.pure.message,16.67263405834381,30.009263221137697,0.23350076524867358
downwardsmatteddainties,16.581991538497633,30.009263221137697,0.060310308493414753
patiently-culinary-satin,12.88244320841955,30.009263221137697,0.4573284051907257
scarcely-constant-idiot,16.581991538497633,30.009263221137697,0.11364941622326893
newly-peaceful-essence,16.581991538497633,30.009263221137697,0.4753350807303555
firstsuperincumbenttheme,10.937082513739375,30.009263221137697,0.950860565425745
totally.tallest.violet,13.259165882572052,30.009263221137697,0.23452592255012122
shilly@incipient@justice,16.581991538497633,30.009263221137697,0.24185729441705917
undoubtedlyliteraryspecimen,16.581991538497633,30.009263221137697,0.9260143328544794
violentlysilvermistake,14.935194783725915,30.009263221137697,0.9524955960699781
brightly!panted!rail,16.581991538497633,30.009263221137697,0.9499890829894926
guiltily-wrong-homes,17.016232937039184,30.009263221137697,0.45882461135313324
tightly.delicate.chalk,12.632449538194829,30.009263221137697,0.9485645527669634
high@wiser@zest,14.824949534286755,30.009263221137697,0.9156644852916789
purelystouttape,13.08428826870923,30.009263221137697,0.9529915026193889
alone@twangum@overhead,13.106680530380789,30.009263221137697,0.4537029267270351
unerringly@unpleasing@stove,15.395542284542516,30.009263221137697,0.9141607997870105
gravely!haggard!wave,12.851735867969701,30.009263221137697,0.46156509468048723
sometimesscarcetails,15.145542284542516,30.009263221137697,0.9450101111442907
formerly-painful-wretches,15.145542284542516,30.009263221137697,0.4577492114689718
gracefully-rural-marsh,11.322740614568827,30.009263221137697,0.23334215394767072
fondly-mouthed-tong,16.581991538497633,30.009263221137697,0.060473358063102056
asunder-bespangled-goods,12.612952241699803,30.009263221137697,0.47560877567999277
slightly@small@knock,12.932270410475404,30.009263221137697,0.9260143555645245
threedly-less-ripples,15.329783683084067,30.009263221137697,0.925783502634143
deep.unconscious.fault,14.773096514075512,30.009263221137697,0.45339624165464637
humblyunderdoneporridge,16.581991538497633,30.009263221137697,0.46936522678804915
hurriedly!earlier!zebra,11.00032707715089,30.009263221137697,0.944259199904369
sweetlycomplacentkevils,16.581991538497633,30.009263221137697,0.9349574386312294
always-midmost-crocodile,15.395542284542516,30.009263221137697,0.45895041438847534
jingly-advantageous-playne,16.72823216367792,30.009263221137697,0.4588282695646552
extremely.plum.nobility,11.446833227053633,30.009263221137697,0.12071356684539734
mutely!newest!coals,16.581991538497633,30.009263221137697,0.0018692258676139496
namelyprimaevaldeportment,16.581991538497633,30.009263221137697,0.9364386406936879
just-lofty-blight,15.010015930653903,30.009263221137697,0.060331402635314245
barely!delicate!bone,12.600516015698537,30.009263221137697,0.45965156702015175
louderromanaccount,16.831991538497633,30.009263221137697,0.4498201711345576
i’ll!mature!trim,14.539875063040144,30.009263221137697,0.23337303249301256
possiblypraiseworthycoals,16.581991538497633,30.009263221137697,0.9297442514709946
certainly@acquainted@break,16.804233710400446,30.009263221137697,0.11324878269808912
tightly-periwinkle-noses,16.581991538497633,30.009263221137697,0.46947014942660054
longer.worse.manner,13.25952545748529,30.009263221137697,0.9452180815813556
placidlyclearoccupation,12.984308948492364,30.009263221137697,0.930021549993218
accordingly@uncouth@skies,12.88244320841955,30.009263221137697,0.4587706112635816
instantly-provoking-sail,11.895093282915683,30.009263221137697,0.4615560023406534
inkstand@unbeguiled@carp,12.778690163375115,30.009263221137697,0.9447024058657141
down!borascible!dirge,11.117060991860315,30.009263221137697,0.47281833249316907
constantlymeloobiousaccomplishment,16.581991538497633,30.009263221137697,0.472993469342422
grimly-marble-sofa,16.581991538497633,30.009263221137697,0.9156268935724396
hastily.annoyed.excuse,12.862946245012434,30.009263221137697,0.11323145993588069
because!interesting!pound,14.465898818588906,30.009263221137697,0.9397174950677994
happily.rapt.yestereve,15.145542284542516,30.009263221137697,0.12009369181892368
here!borascible!birdlings,14.619344925224917,30.009263221137697,0.44981165844849696
fain-globular-purple,15.28730243272349,30.009263221137697,0.9332700524157854
here!bated!popinjay,10.635837757682118,30.009263221137697,0.9490310127492196
horriblyseverenobility,12.632449538194829,30.009263221137697,0.45867707175185224
consequently@morbid@copse,16.581991538497633,30.009263221137697,0.2441316025284616
cheaply!haggard!tint,12.632449538194829,30.009263221137697,0.11223140396637361
badlypropitiouselves,13.132443208419552,30.009263221137697,0.4492002751166789
safely!futile!leeds,12.759192866880094,30.009263221137697,0.23334779966077646
anither-propitious-plum,12.310845529459568,30.009263221137697,0.449110422153169
inkstand!special!scenes,16.72823216367792,30.009263221137697,0.4599379046725542
mainly@remarkable@rabbits,11.196000284239712,30.009263221137697,0.9444047736551155
placidly.lively.kick,16.67263405834381,30.009263221137697,0.9508687567110443
greatly.silken.death,13.198581853501707,30.009263221137697,0.4536775581524703
unaccountablycopiousbreath,11.497612029787758,30.009263221137697,0.9488357950565866
ahead@quaint@precipice,16.581991538497633,30.009263221137697,0.456544510968822
wearily-hungry-piggiwiggia,15.145542284542516,30.009263221137697,0.9137448480088239
then-oblong-torture,13.875083406475788,30.009263221137697,0.9332791979943368
concisely@keen@post,12.805419451264639,30.009263221137697,0.4695365377532249
rather@lively@scholar,14.970239198237982,30.009263221137697,0.4538505147011934
above@footed@onions,15.081953128329156,30.009263221137697,0.45732488776938157
quaily.western.streams,15.129596678391803,30.009263221137697,0.06019369890284839
gracefully.back.mate,11.62834171825909,30.009263221137697,0.9397541851889623
presently-endless-copper,14.879596678391803,30.009263221137697,0.9524965602480817
outright!mucilaginous!decay,12.882449538194829,30.009263221137697,0.95303941141097
fully@lively@boot,12.723092058041006,30.009263221137697,0.24284613090684098
consistently!battered!walk,11.494541060893784,30.009263221137697,0.9266864217137495
swiftlyopenfume,12.632449538194829,30.009263221137697,0.11223355592930132
hurriedly@fimble@slippers,15.225640049716418,30.009263221137697,0.060471937299402236
softly.loud.shirt,16.831991538497633,30.009263221137697,0.11210064238272495
sparely-exempt-groan,12.60668053038079,30.009263221137697,0.9426761655919715
lowlyburntt’other,16.581991538497633,30.009263221137697,0.9398467671470456
morefifteenthchimney,14.775729180948552,30.009263221137697,0.9489427973950488
frankly@unnatural@squint,12.632449538194829,30.009263221137697,0.9488365357905363
wholly@richest@mother,16.637589643831745,30.009263221137697,0.45398803967381446
twicehumbleillustration,12.847742670092346,30.009263221137697,0.9506503494913577
perfectly.painless.carpets,15.174411588897502,30.009263221137697,0.11325669731221628
wherefore!amblongus!disgust,12.88244320841955,30.009263221137697,0.9444371094543443
unclasp!spacious!poker,13.009186870192721,30.009263221137697,0.11325262587650371
headye.brazen.owner,12.632449538194829,30.009263221137697,0.4599190707873267
strangely-thin-charm,16.912473562219475,30.009263221137697,0.9298764629021191
aloudculinarysparrow,16.685750913317342,30.009263221137697,0.9488363249352818
undoubtedly-turbid-countenance,12.632449538194829,30.009263221137697,0.4587633425783408
rapidly!convivial!stiles,12.632449538194829,30.009263221137697,0.1127209531058833
somewhat-astonishing-ecstasy,12.632449538194829,30.009263221137697,0.01518915848273667
especially!uncombed!cell,11.196000284239712,30.009263221137697,0.23520499931261044
outright-strange-beads,12.962931561916669,30.009263221137697,0.2452407764692133
jingly.honest.pelicans,16.72823216367792,30.009263221137697,0.23445670325763612
deeply-soft-throats,16.581991538497633,30.009263221137697,0.9256173600636367
frequently@crested@veal,13.2786648449405,30.009263221137697,0.9506581090295227
least-little-work,16.8034487835178,30.009263221137697,0.4565454427475533
nearly.boastful.sheets,12.632449538194829,30.009263221137697,0.9525622914436711
suddenly-tight-drinking,13.009189868523944,30.009263221137697,0.9508878518977966
deeplyusefulkindle,16.685750913317342,30.009263221137697,0.9506934961379953
distinctlywolfishoblongs,12.632449538194829,30.009263221137697,0.4540633029405068
exactly@disjointed@jigs,14.728193753509444,30.009263221137697,0.24194006246803276
late.peculiar.clatter,16.72823216367792,30.009263221137697,0.45267808238329205
coldly!headlong!moaning,16.581991538497633,30.009263221137697,0.4539376871028945
dreadfully-tallest-craze,11.196000284239712,30.009263221137697,0.4616720756109636
anew!duller!brandy,16.831991538497633,30.009263221137697,0.9442809849736805
accordingly.incipient.sand,12.805419451264639,30.009263221137697,0.9507453029146253
alone!ghostly!share,13.38244320841955,30.009263221137697,0.2332799685541752
exceedingly@majestic@funeral,16.581991538497633,30.009263221137697,0.9442130291842584
nighillusiveflames,16.91247356221947,30.009263221137697,0.4491572378291046
pointedly@stiff@broom,12.934061283742876,30.009263221137697,0.9354573202537864
afterwards@unmannerly@ruffle,12.632449538194829,30.009263221137697,0.24194747019886562
namely@else@trumpet,12.759189868523944,30.009263221137697,0.46154568861379586
enough@dear@milk,16.89185802217148,30.009263221137697,0.9438680251817396
speedilydisgustedcommittee,12.632449538194829,30.009263221137697,0.9156660814264236
darkly@showy@unrest,15.145542284542516,30.009263221137697,0.9529222130228164
utterly@trustful@doubt,13.106664815090912,30.009263221137697,0.9500833285788569
down-unable-thought,11.966881710739228,30.009263221137697,0.9334687444951362
amiably.chippy.fears,12.759192866880094,30.009263221137697,0.9257833481666531
never.proud.knot,12.849638404875266,30.009263221137697,0.9486521615830846
immediately!daily!wheaten,16.581991538497633,30.009263221137697,0.952924842864373
extremely!pellucid!language,11.374443913315417,30.009263221137697,0.9355392495244449
wistfully@beautiful@habits,13.00204458214353,30.009263221137697,0.457443442021585
i’llarctictowers,10.59033306273734,30.009263221137697,0.934862385080309
courseroundcouncil,17.04510224139417,30.009263221137697,0.0004736544618698466
usually-lidded-mask,16.581991538497633,30.009263221137697,0.949909085428803
dumblystrictstranger,15.145542284542516,30.009263221137697,0.9400565907926092
vainly!repulsive!pits,15.145542284542516,30.009263221137697,0.9513265281077928
aptly!ceaseless!shreds,12.632449538194829,30.009263221137697,0.4537013277815087
headlong-subdued-evenings,15.145542284542516,30.009263221137697,0.9362182103861723
completelyfeebleprance,16.67263405834381,30.009263221137697,0.4754641683934158
sooner@faint@rule,13.211031597394491,30.009263221137697,0.9395429946020865
strownbrokenpaste,12.943425270427976,30.009263221137697,0.9400565905986943
vividly!simple!heap,17.28383026901204,30.009263221137697,0.9529162294947707
alas-very-snails,14.941578556752699,30.009263221137697,0.11324682893318547
especiallycrudejuice,15.145542284542516,30.009263221137697,0.24293195818930866
anitherinstructivefairy,11.31337355271053,30.009263221137697,0.11270985449307774
enthusiastically-inland-argument,11.2739886867967,30.009263221137697,0.45959824481956213
homeward@bound@gingerbread,16.685750913317342,30.009263221137697,0.9514225313294125
about-murky-breast,11.133697789436939,30.009263221137697,0.9444352004118083
rapidlypropermuslin,16.64775013995608,30.009263221137697,0.4586095498355473
sometimes-impressive-chorus,11.592228249980531,30.009263221137697,0.23520283277905998
headye.wavy.tribe,16.831991538497633,30.009263221137697,0.4756034424604677
high@undoubted@hoofs,14.824949534286755,30.009263221137697,0.950630796496609
highly!jubilant!rule,12.612952241699803,30.009263221137697,0.2432698480030288
then.boundless.chocolate,14.455565430197627,30.009263221137697,0.9297063424909577
surelytrellisedleather,11.160551384906602,30.009263221137697,0.45882822006299684
deep.blamble.higgeldipiggledy,14.773096514075512,30.009263221137697,0.9524970024603576
guiltily.vicious.crows,16.728232163677923,30.009263221137697,0.12071422116639177
lowly@bitter@sons,16.637589643831745,30.009263221137697,0.9439327731547436
whereon.charming.people,11.833226772064982,30.009263221137697,0.9443297739234947
seriously!piteous!juice,16.581991538497633,30.009263221137697,0.9442121721984539
alonedistinguishedloops,17.081991538497633,30.009263221137697,0.24193918035601297
unclaspbountifulreplies,12.612952241699803,30.009263221137697,0.9355175643862333
wherein-tranquil-byckerment,11.196000284239712,30.009263221137697,0.11955318668590151
coldly.unfathomable.currants,16.581991538497633,30.009263221137697,0.12072765432094168
thereby-tight-tokens,16.831991538497633,30.009263221137697,0.4754634661066298
bitter!circular!piggy,16.637589643831745,30.009263221137697,0.015256148567595345
unpleasantlycompleteecstasy,11.696000284239712,30.009263221137697,0.45622082020264454
probably-delirious-stocks,15.226024308264359,30.009263221137697,0.24305288213327206
prowly-comely-dinner,11.386460900361513,30.009263221137697,0.9505375733037615
whileverbalrapacity,14.378532381037957,30.009263221137697,0.9523539339802741
beautifully!invidious!mattress,16.581991538497633,30.009263221137697,0.4497259331760269
tenderly-former-picture,13.724654965058903,30.009263221137697,0.9203166616213146
fondly-bluebottle-palm,16.581991538497633,30.009263221137697,0.4540486303901504
tinkly-flighty-brother,11.592228249980531,30.009263221137697,0.24414523432045518
doubtfullyfishydistricts,15.145542284542516,30.009263221137697,0.12009348566168404
mainly!contemptuous!whistle,15.145542284542516,30.009263221137697,0.9364493970404177
safely-half-company,13.186744557810524,30.009263221137697,0.9300142063649369
uneasily.full.gulls,16.978232163677923,30.009263221137697,0.9156249984348297
abominablyquietrace,11.322740614568827,30.009263221137697,0.9349637525038155
lightly!abstemious!recourse,16.685750913317342,30.009263221137697,0.9534782740936022
plainly.further.attery,16.581991538497633,30.009263221137697,0.9293997196194584
past@ingenious@truth,13.446403439686877,30.009263221137697,0.9352994423504722
vainly@utter@weeks,11.69598129524713,30.009263221137697,0.06033215552482071
darkly@frantic@havoc,15.145542284542516,30.009263221137697,0.23684239857597714
partly-amazing-branches,16.581991538497633,30.009263221137697,0.9260406137472531
totally@incongruous@faces,16.581991538497633,30.009263221137697,0.0018698640402778962
soundlessunblenchingperi,11.196000284239712,30.009263221137697,0.9487833438711647
beautifully-lavish-larks,16.581991538497633,30.009263221137697,0.9439805984554314
formerly@needest@order,11.2739886867967,30.009263221137697,0.9506709723332007
lovingly@responsible@length,11.338519211085979,30.009263221137697,0.4602376982693873
bitter@conspicuous@wanderer,16.637589643831745,30.009263221137697,0.953446930895717
clerklylessbeautifying,12.712931561916669,30.009263221137697,0.23349842178884847
commonly-brief-coronets,12.632449538194829,30.009263221137697,0.060408351652343865
againsplendiddining,15.645542284542516,30.009263221137697,0.46159516678113155
vainly-dolorous-drop,11.572731619649938,30.009263221137697,0.9446902159754147
inkstand!various!wines,16.72823216367792,30.009263221137697,0.4753305599807738
affectionatelymonstroussteeple,11.196000284239712,30.009263221137697,0.4540439382952721
then@ornamental@readers,13.875083406475788,30.009263221137697,0.45870357201059714
wyll.wondrous.volume,16.581991538497633,30.009263221137697,0.9505339244651883
inkstand!mouthed!bongy,16.72823216367792,30.009263221137697,0.4753305599807738
namely.queer.tips,12.96292523214139,30.009263221137697,0.9506011577367286
gravelyruderbooks,13.132430549202248,30.009263221137697,0.9505959856721835
suddenly-moppsikon-inflammation,16.581991538497633,30.009263221137697,0.0004702193419449057
least!eighth!heel,12.962925232141389,30.009263221137697,0.46952180374903885
greedily@lone@gromboolian,16.978232163677923,30.009263221137697,0.45967001786183587
properly.giddy.justice,16.581991538497633,30.009263221137697,0.9530023588632154
hurriedly.aquatic.oatmeal,14.871880674896707,30.009263221137697,0.11365204090782038
clerkly.excessive.mouthfuls,16.581991538497633,30.009263221137697,0.9400400608760647
guiltily.thick.sinks,16.831991538497633,30.009263221137697,0.4600264385191219
capriciously@thorough@tommy,16.581991538497633,30.009263221137697,0.4771219474035768
gladly-hush-ideas,16.912473562219475,30.009263221137697,0.915654555676289
faintlyperplexingguittara,16.581991538497633,30.009263221137697,0.9512425650978928
already-surprised-measure,12.632449538194829,30.009263221137697,0.9401381956671844
fairly@perpendicular@summons,16.581991538497633,30.009263221137697,0.9529477257328267
finally!eager!comfort,15.145542284542516,30.009263221137697,0.015331325862801188
compactlysupplering,13.002911333424661,30.009263221137697,0.11200403463337907
high!dangerous!ladies,11.27163549972477,30.009263221137697,0.457824518874231
because.ancient.tokens,14.514060088074503,30.009263221137697,0.0009577856581252869
swiftly-wonderful-bubble,16.581991538497633,30.009263221137697,0.23326208903390236
deeply!dangerous!brains,16.581991538497633,30.009263221137697,0.23445788605645182
soonerwondroussealing,17.22823216367792,30.009263221137697,0.949783677270492
incessantly-tumultuous-spur,12.632449538194829,30.009263221137697,0.9297317751045663
never@zigzag@eating,13.551439158404191,30.009263221137697,0.45954240199685187
headlong.plum.pocket,15.614159564021552,30.009263221137697,0.2333774223348946
rapidly@curious@pumpkins,17.081991538497633,30.009263221137697,0.9529863169981881
consistently!scarlet!beware,11.592234579644723,30.009263221137697,0.940572479369943
ceaselessfondpause,16.581991538497633,30.009263221137697,0.4540634421587559
firmly.woolly.prate,16.581991538497633,30.009263221137697,0.45898551754058375
presently!runcible!tempests,11.03381405290871,30.009263221137697,0.9520848733802297
placidly-softest-saddle,16.581991538497633,30.009263221137697,0.9504106624842644
somewhere!sufficient!winter,16.581991538497633,30.009263221137697,0.4618058654353155
instantly@remarkable@tibbets,15.145542284542516,30.009263221137697,0.9529962444860096
immenselyharderbower,16.728232163677923,30.009263221137697,0.9147003912965438
unrestrainedly!galloobious!carpets,15.145542284542516,30.009263221137697,0.12072831415022735
purelydownwardascent,12.632449538194829,30.009263221137697,0.23442382137930917
later.sore.rinnin’,16.581991538497633,30.009263221137697,0.4615765005044491
ryghtebroadstarch,13.132443208419552,30.009263221137697,0.11325564390231849
mainly!syllabub!signal,15.145542284542516,30.009263221137697,0.9290686103444995
gracefully.neat.countrie,11.420231276425673,30.009263221137697,0.9364828946024127
here@scared@melody,10.796546253607374,30.009263221137697,0.9508367363952465
entirely.uneasy.past,12.819128467301013,30.009263221137697,0.9505951979405346
dreadfully-behold-chambers,15.32978368308407,30.009263221137697,0.9504964678492057
quite-treacherous-grove,10.736423612908851,30.009263221137697,0.9146954646981812
soon@unique@sarpint,15.198418310840944,30.009263221137697,0.9515230626036332
strangely.fittest.waking,16.581991538497633,30.009263221137697,0.4589931459267369
matter.wholesome.dreams,13.064775980682718,30.009263221137697,0.9511070101213706
severely@boastful@nought,16.581991538497633,30.009263221137697,0.9350368101205143
simply@dusty@pilgrimage,12.632449538194829,30.009263221137697,0.2443254918175862
already@noble@guise,12.632449538194829,30.009263221137697,0.9500780431359013
utterly!mistaken!untold,16.831991538497633,30.009263221137697,0.9156269335255149
greedily!possible!meeting,16.581991538497633,30.009263221137697,0.9333983790272213
instead!russian!architecture,15.476024308264357,30.009263221137697,0.24182746998169077
superficiallytangledsunset,16.581991538497633,30.009263221137697,0.944299421010124
only@veriest@maxims,14.640009545436076,30.009263221137697,0.9416183462198582
vividly!clangel!nutritiosa,12.632449538194829,30.009263221137697,0.06018994098985636
doon!third!excess,17.01623293703918,30.009263221137697,0.23355470942674245
instinctively-topmost-stanza,13.028677503935647,30.009263221137697,0.9530422787487597
very.needest.fire,10.887154462927477,30.009263221137697,0.2443793769187388
nightlylovelyblubber,12.692701563070779,30.009263221137697,0.9512368338431746
namelyharmoniousleaf,12.88244320841955,30.009263221137697,0.9527863016306835
late-stable-boxes,12.90543049370423,30.009263221137697,0.9443350183542079
excessively@possible@wrekin,12.612952241699803,30.009263221137697,0.9449737244979813
’twascharnelwick,10.799079004923017,30.009263221137697,0.4755179541822526
anither@flowery@pillar,11.196000284239712,30.009263221137697,0.942740513790748
continually!near!nullahs,15.058675777231285,30.009263221137697,0.9443293591643831
incautiously-scarlet-songs,16.728232163677923,30.009263221137697,0.9490092318954171
calmly!curly!deeds,15.145542284542516,30.009263221137697,0.9524789475197423
anew@charnel@woods,13.009183871886425,30.009263221137697,0.950763002217713
tumbly!underdone!querulous,15.145542284542516,30.009263221137697,0.458756646718642
furiously-crystal-anger,13.028677503935647,30.009263221137697,0.9504962375482834
bittereighthlight,12.901856225655388,30.009263221137697,0.9522573393585181
directly!calmer!heaven,16.66247356221947,30.009263221137697,0.9298818830896121
horribly@heavenward@photographing,12.632449538194829,30.009263221137697,0.9175854327423447
carefullyholygooseberry,13.132430549202248,30.009263221137697,0.9529947271630871
incessantly@golden@folly,12.672439131839237,30.009263221137697,0.0009492466078030393
guiltily.responsible.bird,12.851734705347921,30.009263221137697,0.940585360330534
hurriedly-multitude-speck,15.018121300076995,30.009263221137697,0.4595981425658073
beyond.glittering.pork,13.278671174382533,30.009263221137697,0.4537014490748848
leastwesternshade,12.934064205207195,30.009263221137697,0.06018692404345478
hastily@inexpressive@fruit,13.028677503935647,30.009263221137697,0.05959710438199288
beyond-surly-exhaustion,16.72823216367792,30.009263221137697,0.4590180785228934
probably!nursy!rights,11.276482307961553,30.009263221137697,0.9506706458664325
strown@modern@desert,16.581991538497633,30.009263221137697,0.9266860351632853
very.weepest.elves,11.08553784832744,30.009263221137697,0.46155421931829055
above-candid-glories,14.978193753509444,30.009263221137697,0.9500852300924264
downward-muddy-sarpint,16.581991538497633,30.009263221137697,0.9532480073891005
slowlyreluctantwedding,14.927757947877403,30.009263221137697,0.9398511277746038
wheedlylouderexertions,16.581991538497633,30.009263221137697,0.11955490198266502
less!bored!diddle,15.226024308264359,30.009263221137697,0.934959241444467
calmly!angry!esquire,11.48036983540192,30.009263221137697,0.46154517287556385
thereforeshutascent,11.196000284239712,30.009263221137697,0.46155220771818944
wildly-thankful-street,12.784754517506398,30.009263221137697,0.4599182957326954
singly-mental-plumes,12.632449538194829,30.009263221137697,0.4770417223886536
better@flowery@doorway,12.612952241699803,30.009263221137697,0.11266483595376753
singly-meritorious-yore,12.612952241699803,30.009263221137697,0.9507891438882636
entirely.unpleasant.quires,16.581991538497633,30.009263221137697,0.9514556653755615
quailytightgentleman,15.379596678391804,30.009263221137697,0.2335198192711849
louderwrongkingfisher,13.316684606961102,30.009263221137697,0.9500779415505423
concisely@tangled@star,12.856674637066842,30.009263221137697,0.12009298711864835
namely@subtlest@crockery,16.831991538497633,30.009263221137697,0.9506933033238754
pointedly!undying!browny,16.581991538497633,30.009263221137697,0.9488539170597274
headye.passé.veils,12.632449538194829,30.009263221137697,0.45991907078732674
forthwithmightyhearts,13.21290624348205,30.009263221137697,0.45987041869967626
latertinyconsequence,12.88244320841955,30.009263221137697,0.9438579585670532
certainly!abstemious!beach,12.722066439309495,30.009263221137697,0.9505720659997863
overhead-perpendicular-milk,16.97823216367792,30.009263221137697,0.9515440494643995
abruptly@hollow@indignation,16.581991538497633,30.009263221137697,0.9505903774473577
soundly@bumpy@acrostics,16.581991538497633,30.009263221137697,0.11324539134288493
overhead@incongruous@mincemeat,16.97823216367792,30.009263221137697,0.05961779479321048
tolerably.fierce.phrase,12.856676601494124,30.009263221137697,0.9447914419057357
shilly!fevered!puppies,12.736208913014538,30.009263221137697,0.45868270643312964
carelessly@testy@choice,16.581991538497633,30.009263221137697,0.9507873993058191
tweedly-stumpy-insect,15.145542284542516,30.009263221137697,0.9447603218823937
really@white@having,12.195661914282189,30.009263221137697,0.47533069945883094
needlyfierytouch,15.129596678391803,30.009263221137697,0.0018600971509011796
below.laced.scot,11.397839014754114,30.009263221137697,0.9505907920943844
madly-transitional-treatment,16.581991538497633,30.009263221137697,0.915660938991495
outright.mystic.waistcoat,13.462912572924088,30.009263221137697,0.9509064256257614
coursepitifuldream,13.173538821565433,30.009263221137697,0.9396436260599457
immediately.provoking.rumble,16.685750913317342,30.009263221137697,0.9510655333714997
tearfully.unwell.kangaroos,16.581991538497633,30.009263221137697,0.4596714599396843
prowly@plumdomphious@sweep,11.69598129524713,30.009263221137697,0.9512425963021752
even.wholesome.intervals,14.76256963444693,30.009263221137697,0.9441990779597366
never@cheapest@shrimpers,12.849638404875266,30.009263221137697,0.9505917623842557
unpleasantly@squeaky@winkles,15.145542284542516,30.009263221137697,0.4602370904865778
likewise-russian-praise,13.132430549202248,30.009263221137697,0.45962880140484097
rapidly-profound-ride,13.334256620943648,30.009263221137697,0.23454311751972
thoughbrightflitty,14.550358432045517,30.009263221137697,0.9300123795735625
roundnationalstile,15.210078702113645,30.009263221137697,0.46002555593824573
lovingly@young@making,15.498886481188464,30.009263221137697,0.9511118112530353
never@easier@wheel,16.79918040517807,30.009263221137697,0.9291517352264557
deeply.plural.draughts,16.581991538497633,30.009263221137697,0.9510963650136809
visiblymoonyspite,16.831991538497633,30.009263221137697,0.9452171014138259
taily-abject-stone,12.856680530380789,30.009263221137697,0.4538490500202265
barely.worldly.beads,12.882449538194829,30.009263221137697,0.9447768460600199
onlypitifulrock,10.940461215357994,30.009263221137697,0.45379378748821175
rarely-gallant-trees,12.906106396461173,30.009263221137697,0.9529412771570422
wherefore-unique-aunt,16.912473562219475,30.009263221137697,0.11955176671672677
wisely!inspector!cords,16.581991538497633,30.009263221137697,0.9443221215275603
feebly.twilight.chapter,12.147756736338994,30.009263221137697,0.05959519427687466
scarcely.subject.chords,16.728232163677923,30.009263221137697,0.953190477490642
directlykeengazette,16.66247356221947,30.009263221137697,0.9352346601190062
such.unbeguiled.houses,11.08762126292177,30.009263221137697,0.45274695417769456
anxiously.utmost.tripod,12.632449538194829,30.009263221137697,0.23535876776190473
just!melancholy!creaking,10.956714555531388,30.009263221137697,0.24185214027980848
terribly-unhappily-styrruppes,15.145542284542516,30.009263221137697,0.12085536719310891
seldom!pretty!forks,16.66247356221947,30.009263221137697,0.9260380563300317
badly!responsible!jargon,16.581991538497633,30.009263221137697,0.9507871653615864
quickly-spotty-victory,11.494155223950035,30.009263221137697,0.23440625479820001
greatlychippyheart,13.346394283928552,30.009263221137697,0.9506897404319256
pretty.hushed.cakes,14.879596678391803,30.009263221137697,0.45652830682573614
excessively@wiser@fancy,12.943425270427976,30.009263221137697,0.45983965875490795
probably.cruel.fault,15.226024308264359,30.009263221137697,0.9534797368990464
next!ready!lens,14.675017158380818,30.009263221137697,0.935218578522134
willingly.hungry.beds,12.632449538194829,30.009263221137697,0.9527438410654915
speedily@jumble@idiot,16.581991538497633,30.009263221137697,0.9488275643245583
latetwangumflame,12.75919286688009,30.009263221137697,0.9450211716386944
shortly!transitional!truth,11.791336906252726,30.009263221137697,0.9499417290032424
freely!forlorn!wild,13.542292371310912,30.009263221137697,0.0037568522286553882
stillsteadyexcelsior,14.662184742123536,30.009263221137697,0.9146969243267353
simply.ruddy.darter,12.632449538194829,30.009263221137697,0.4540440892458641
soon@immoderate@seeze,15.198418310840944,30.009263221137697,0.4537950737434967
purelyfourthbeasts,16.581991538497633,30.009263221137697,0.9534746855170795
mainly@verdant@meal,15.145542284542516,30.009263221137697,0.9440048914439895
barelytimidsobs,13.028677503935647,30.009263221137697,0.0018733041322210203
awefully@winsome@east,12.790918000035678,30.009263221137697,0.9533945263753527
alas@angry@carpets,14.913972559329288,30.009263221137697,0.47241307699885954
badly-repulsive-embers,16.581991538497633,30.009263221137697,0.24292088687022964
darklycourageoussenna,11.196000284239712,30.009263221137697,0.23337854031961053
hard.scarce.relic,16.66247356221947,30.009263221137697,0.24280251811894918
chiefly@amusing@boxes,12.759189868523944,30.009263221137697,0.950468480384625
back!bluebottle!pewter,15.331435408906206,30.009263221137697,0.23330150361278676
otherwise!silken!places,16.728232163677923,30.009263221137697,0.9333784296512971
greedilyinconvenientmountain,16.581991538497633,30.009263221137697,0.9438945758852252
perhaps!certain!flies,10.99291339879012,30.009263221137697,0.9489420092161139
quaily@towering@spinach,11.180054678088998,30.009263221137697,0.9444071487683828
slobaciouslycoldindices,16.78110818997635,30.009263221137697,0.9506933810574388
later-fashioned-cats,12.97308792429763,30.009263221137697,0.9485452624154815
faintly!humble!buzz,13.132430549202248,30.009263221137697,0.0598573164214636
consistently!goblin!smiles,11.445993954464434,30.009263221137697,0.12086802598629483
thusafloatcuriosity,14.620357086761985,30.009263221137697,0.45884016258863985
doubtfully!busy!viand,15.145542284542516,30.009263221137697,0.9529946831700957
frankly@tight@shoulder,16.831991538497633,30.009263221137697,0.2419377559059079
through-steadfast-babel,14.609684590929477,30.009263221137697,0.9529919216728827
casuallyuprightyard,16.581991538497633,30.009263221137697,0.935220739662885
strongly.violet.behavior,12.698208139653278,30.009263221137697,0.4728727630334413
uneasily!lively!screw,12.849832388370121,30.009263221137697,0.9529733877070328
profoundly-rich-opportunity,12.712931561916669,30.009263221137697,0.9438863644748324
asunder@borascible@gull,12.632449538194829,30.009263221137697,0.469498431894949
home.hateful.light,12.921148190786003,30.009263221137697,0.47286072168244325
incessantly.fairer.score,16.581991538497633,30.009263221137697,0.9510724694213429
tightly@triumphant@hatchet,12.612952241699803,30.009263221137697,0.950666200681518
severelymurkyfingers,16.581991538497633,30.009263221137697,0.9444046629698195
alwaysfearfulnook,11.342240909420001,30.009263221137697,0.9529970761272687
exactly.jubilant.climbing,14.728193753509444,30.009263221137697,0.23355471943880904
deep-radiant-penny,11.219782479513524,30.009263221137697,0.9264163320414028
loose!saucy!skin,15.145542284542516,30.009263221137697,0.00378623840629281
sparely.chankly.singing,13.655412504090773,30.009263221137697,0.9506930358056078
tearfully.motionless.mysteries,12.632449538194829,30.009263221137697,0.950721431269721
past!ocean!bridge,16.946849443156957,30.009263221137697,0.24399715409350667
sideways.daily.lace,12.882449538194829,30.009263221137697,0.11323875723418954
doubtfully.possible.price,15.145542284542516,30.009263221137697,0.45266548944017093
better-himmeltanious-loops,16.581991538497633,30.009263221137697,0.4533350268833337
unrestrainedly.wicked.gazelle,11.196000284239712,30.009263221137697,0.9354947595714481
leastdangerouschambers,16.66247356221947,30.009263221137697,0.45398656423840517
loudly@unusual@knock,12.88244320841955,30.009263221137697,0.9530020549534243
certainly!pleased!esquire,12.976042087114925,30.009263221137697,0.4599272294551193
newlynicestding,13.654302589067942,30.009263221137697,0.952166410420124
profoundlydistinguishedpiggiwiggia,16.581991538497633,30.009263221137697,0.9332794619106215
distinctly.heavenward.parky,12.632449538194829,30.009263221137697,0.9401617870367273
somewhatunhappygallons,16.581991538497633,30.009263221137697,0.003785281740577091
particularly.delusive.drive,16.581991538497633,30.009263221137697,0.4572810142371248
foolishly-stony-raspberry,16.581991538497633,30.009263221137697,0.4771480241686946
perfectly-unheeded-opportunity,11.224869588594697,30.009263221137697,0.9507214185357713
just@exciting@flood,14.760015930653902,30.009263221137697,0.9353315683460307
superficially-fittest-vitruvius,12.632449538194829,30.009263221137697,0.9510634476338571
above.rosy.devotion,14.978193753509444,30.009263221137697,0.4729896378770027
anither.twangum.scarmoges,11.196000284239712,30.009263221137697,0.0603121718119337
prowly.blest.answers,15.145542284542516,30.009263221137697,0.950899121568127
home.concentrated.parky,12.707339608659556,30.009263221137697,0.9525426656451552
calmlydelicatepoint,15.291782909722807,30.009263221137697,0.9401441739132447
coldlyuncommonbreezes,16.581991538497633,30.009263221137697,0.952503637382344
shingly!crumbobblious!querulous,16.581991538497633,30.009263221137697,0.9260145631340286
greedily-keen-writer,16.581991538497633,30.009263221137697,0.9506595313327431
upside.fine.ashes,16.63015280798323,30.009263221137697,0.45642869526818164
perfectlyunintelligibleboshen,11.224869588594697,30.009263221137697,0.9442590624815159
respectfullypastmoan,11.645114270536354,30.009263221137697,0.24193982878737552
together@intrinsic@bird,11.182178318901284,30.009263221137697,0.4596165290714688
directly!unpitying!bugle,16.66247356221947,30.009263221137697,0.9507387946873254
longer!sufficient!dainties,16.581991538497633,30.009263221137697,0.06019159809741693
unsuccessfully.cloxam.doors,12.612952241699803,30.009263221137697,0.24190025530794573
faintly.harder.phantom,13.434269815868584,30.009263221137697,0.9355329762521272
calmly.perfect.mountebanks,11.196000284239712,30.009263221137697,0.45374483637987106
visibly@harder@piercing,16.728232163677923,30.009263221137697,0.24185489738069793
hardly@single@soles,16.97823216367792,30.009263221137697,0.0037552929616138115
superficially-crowded-steps,12.632449538194829,30.009263221137697,0.9364943046859062
partially-veriest-banners,16.581991538497633,30.009263221137697,0.01514105609616252
partly.attentive.smoking,12.612952241699803,30.009263221137697,0.9439345436705585
everfreeditch,14.926797720096971,30.009263221137697,0.9204519845715561
hard!eloquent!circumstances,12.693434265421644,30.009263221137697,0.9527770750199124
outsidemonstrousflamingoes,15.145542284542516,30.009263221137697,0.11999491149534522
dreadfully@silvery@green,11.882459827739414,30.009263221137697,0.9452228124371639
louder-muddy-post,12.805419451264639,30.009263221137697,0.9529962795973341
shingly.wrinkled.crab,16.581991538497633,30.009263221137697,0.46165259191995667
again.large.nutmeg,15.695369486598368,30.009263221137697,0.9507699159186492
finally.camomile.lobster,11.695993954464434,30.009263221137697,0.45569940115096524
better.extraneous.fringing,16.581991538497633,30.009263221137697,0.9444074623319483
down-fresh-alarm,11.367054662085037,30.009263221137697,0.24292270878691707
dimly.troubled.effect,16.581991538497633,30.009263221137697,0.1141812541825139
deep@leaden@trumpets,14.773096514075512,30.009263221137697,0.9451309169255816
gravely-boundless-summers,16.662473562219475,30.009263221137697,0.11948882845843244
abominably.marble.stream,11.247616411993116,30.009263221137697,0.24500843998816002
beyond@fatal@rule,12.75919286688009,30.009263221137697,0.4599214804398205
terribly.unpleasant.guinea,15.976024308264359,30.009263221137697,0.014864284996571017
clearly!innocuous!torture,16.581991538497633,30.009263221137697,0.9298766363909348
willingly@chickabee@brooch,12.88244320841955,30.009263221137697,0.951468869505966
reallyfurtherskirts,15.145542284542516,30.009263221137697,0.945130715349678
asleeplesssnuff,16.662473562219475,30.009263221137697,0.9300170494718191
concisely!heavenward!years,13.07290272371087,30.009263221137697,0.45931468477962895
wholly!unlikely!weariness,16.581991538497633,30.009263221137697,0.9261383918736605
carelessly@fevered@expenses,16.685750913317342,30.009263221137697,0.9523242258041434
east@weepest@goosey,13.06669093673638,30.009263221137697,0.9205275491251487
awefully@upper@mood,12.759192866880094,30.009263221137697,0.936473749842045
because@back@answering,11.218189219025223,30.009263221137697,0.9146491572672026
vainly@wavy@attery,15.395542284542516,30.009263221137697,0.46946535726625277
suddenly@trivial@fibs,12.632449538194829,30.009263221137697,0.9489503646232351
till@absolute@glimpses,14.097373665550275,30.009263221137697,0.4693884681400296
fastmelodiouseffect,15.275837303572093,30.009263221137697,0.9438234987013224
consecutively.select.horizon,12.632449538194829,30.009263221137697,0.12010000726623389
twickymotleygromboolian,15.541782909722807,30.009263221137697,0.45895013462191125
tweedly@different@balloon,15.145542284542516,30.009263221137697,0.11271582576331333
anxiously.browny.sake,12.603585102973344,30.009263221137697,0.45883678369087955
most-careless-rival,14.927757947877403,30.009263221137697,0.9364736577935198
freely-elastic-botanists,16.581991538497633,30.009263221137697,0.9397173161788084
possibly.ecstatic.villa,12.612952241699803,30.009263221137697,0.9404440670741195
thattimidslice,13.418855116039056,30.009263221137697,0.4573290622610027
abroad!ornamental!buttercups,16.581991538497633,30.009263221137697,0.9333773956602108
unrestrainedly!uncommon!paint,11.322740614568827,30.009263221137697,0.06047252450636887
more@violet@waistcoat,11.472408816833454,30.009263221137697,0.950737927653324
highlyunresistingservice,16.581991538497633,30.009263221137697,0.9428364649011626
prettywondrouscircle,11.18004834831372,30.009263221137697,0.9156187514104275
waterwagtails!wordless!squares,16.581991538497633,30.009263221137697,0.0037857208912768004
usually-nonsense-gormandising,16.581991538497633,30.009263221137697,0.45282274746267426
longer!fated!pile,16.581991538497633,30.009263221137697,0.9500623399773046
dumbly-half-blow,11.492872806793148,30.009263221137697,0.000944579591044015
humbly@past@week,13.130890021879987,30.009263221137697,0.9505989232889377
becausesacredfury,11.16258478402692,30.009263221137697,0.2345286738241322
naturally-only-turning,11.030189160484932,30.009263221137697,0.24187316475563847
gravely!viewless!pears,12.88244320841955,30.009263221137697,0.01491287139182574
wisely.eloquent.dates,12.632449538194829,30.009263221137697,0.9442123139217863
outside-moppsikon-scot,11.196000284239712,30.009263221137697,0.9363156089723293
most.next.income,15.01473877373248,30.009263221137697,0.9510621657076016
strown!serene!manners,17.266232937039184,30.009263221137697,0.9442228449656586
tweely-comfortable-process,13.21290624348205,30.009263221137697,0.2335556060160128
often@rosewood@story,15.291782909722807,30.009263221137697,0.44911063395432643
less!unclean!cabbage,11.77646331896897,30.009263221137697,0.9447354625541576
tolerablyselectdrinking,12.759189868523944,30.009263221137697,0.9296317447966188
enthusiastically-eastern-flute,11.31337355271053,30.009263221137697,0.4588198673310603
proudly@exhaustive@whispers,16.581991538497633,30.009263221137697,0.0598886989591687
threedly.solid.corporation,11.196000284239712,30.009263221137697,0.4594456161535491
purely@loud@depth,16.978232163677923,30.009263221137697,0.46154672228419846
mainly@slender@ripple,15.291782909722807,30.009263221137697,0.9506544633324613
unexpectedly@striped@gazers,15.145542284542516,30.009263221137697,0.9349491459952489
namelyperiwinklesage,13.334256620943648,30.009263221137697,0.9395426666602303
most!trifling!onions,15.031517322697113,30.009263221137697,0.060197144200681466
firstundevelopedshade,10.90822148680518,30.009263221137697,0.44978818858794223
ryghte.bare.teaspoonful,16.978232163677923,30.009263221137697,0.9530021971207184
amiablydisgustingghost,12.959778800631906,30.009263221137697,0.45631892565348336
faintly!incipient!shoes,12.853580720750239,30.009263221137697,0.9522706286336821
dimly@fruitless@bits,13.064781977220537,30.009263221137697,0.06030422257064281
amiably@merciful@pickling,12.632449538194829,30.009263221137697,0.9534685468733178
also.thinner.confusion,13.028690163375117,30.009263221137697,0.47561041563001527
meanwhile.leathery.motion,12.60668053038079,30.009263221137697,0.23453284321258994
badly.mazy.crater,16.581991538497633,30.009263221137697,0.23441348346268673
barely@barren@weeky,16.581991538497633,30.009263221137697,0.2441231945142425
exceedingly-phantom-swat,12.624895716011851,30.009263221137697,0.9442133025564957
heavily.sumptuous.pitch,12.882449538194829,30.009263221137697,0.45405239420065535
alone@interesting@bawn,17.081991538497633,30.009263221137697,0.9507854837437036
homeward@glad@sadness,12.685328895998552,30.009263221137697,0.4756028149746866
downwardaddictedtendrils,16.581991538497633,30.009263221137697,0.9442475755004915
willingly@deemest@chains,16.581991538497633,30.009263221137697,0.1132469410684626
less.clammy.blast,11.276482307961553,30.009263221137697,0.9499871825645361
inkstandbrownstint,17.01623293703918,30.009263221137697,0.9485526369271856
well!obvious!pepper,10.881147309670208,30.009263221137697,0.014863893612681743
gradually-mysterious-circumstances,12.612952241699803,30.009263221137697,0.9505917953585028
soundless!uncommonly!grandfathers,15.145542284542516,30.009263221137697,0.4599571983158709
twicky.sweeter.disclosure,15.145542284542516,30.009263221137697,0.9506385664591382
instead!rough!guile,11.526482307961553,30.009263221137697,0.23315914230687085
less!morbid!brat,15.226024308264359,30.009263221137697,0.939643614603596
rightmovelessagent,15.339944179208404,30.009263221137697,0.935516863650779
always!nosed!reciting,11.446000284239712,30.009263221137697,0.95074821064418
afterwards.peculiar.thorn,13.028677503935647,30.009263221137697,0.47713767233839943
nearly.congenial.mile,16.581991538497633,30.009263221137697,0.46170557485269664
abruptly.duller.buttons,13.028677503935647,30.009263221137697,0.4598737529261952
first@lone@lots,14.636630843817457,30.009263221137697,0.9523484874687734
away!violent!onion,15.711300886000965,30.009263221137697,0.932846777959802
unsuccessfully-genteel-whilk,17.081991538497633,30.009263221137697,0.24508648990944182
ceaseless@loveliest@agony,12.790918000035678,30.009263221137697,0.2418562554197478
affectionately!smaller!greed,11.196000284239712,30.009263221137697,0.9334907361803308
tightly.phantom.park,12.635549834735773,30.009263221137697,0.4615492359211435
likewise@frantic@lodgings,16.581991538497633,30.009263221137697,0.935045234685632
below.underground.muffin,11.708814746987263,30.009263221137697,0.9444232314384382
wildlyendlesspause,16.581991538497633,30.009263221137697,0.06019075656623611
less-merry-cords,15.226024308264359,30.009263221137697,0.9396436140187525
properly!darling!loops,16.662473562219475,30.009263221137697,0.948214691641808
immediately!alien!scythe,12.632449538194829,30.009263221137697,0.4694645193709774
naturallyfoemanvest,10.910557381593973,30.009263221137697,0.24185486858016875
vividly!tight!thief,12.862952241699803,30.009263221137697,0.2441568163195479
exactly!voluble!making,14.793952354967894,30.009263221137697,0.24268221156750314
hence@sadder@towers,12.632449538194829,30.009263221137697,0.47258551196813675
wide@busy@candle,13.079945836087711,30.009263221137697,0.939828197153347
twice-bluebottle-babe,16.581991538497633,30.009263221137697,0.45987902979560474
deep@random@whilk,15.27309651407551,30.009263221137697,0.23442270621100847
downward!sleepless!knives,12.88244320841955,30.009263221137697,0.014640310426749518
unaccountably-left-jobiska,15.31218635111122,30.009263221137697,0.11325620643036385
lovingly-ready-rain,10.947506927874064,30.009263221137697,0.9433757074165576
rapidly.holy.wife,13.002911333424661,30.009263221137697,0.11199677896678507
whenceexpansiveloops,14.793952354967894,30.009263221137697,0.9529955519236927
clearly-minor-convenience,12.632449538194829,30.009263221137697,0.2344566477097529
abroad@twin@afar,12.632449538194829,30.009263221137697,0.46001829087041923
wistfully@monstrous@agent,16.581991538497633,30.009263221137697,0.24508404891283572
scarcely-lovelit-lake,13.259180873605054,30.009263221137697,0.9534692457796183
’twas!eminent!ball,14.621880674896707,30.009263221137697,0.2451971773684282
certainlymysticstreet,12.822755290867658,30.009263221137697,0.9146969527460239
bitter!zigzag!lettuce,13.480497246123937,30.009263221137697,0.4599222663492356
slightly@deep@whale,12.83680655400871,30.009263221137697,0.9529946833341307
shinglyuncombedgull,12.632449538194829,30.009263221137697,0.9507204209040805
surreptitiously@darling@goodness,16.662473562219475,30.009263221137697,0.45374460882042134
aptly.ecstatic.untold,16.581991538497633,30.009263221137697,0.23519998323662217
certainly@proud@flight,12.650953015061065,30.009263221137697,0.9439532624359857
incautiously.ferocious.torty,16.581991538497633,30.009263221137697,0.45995719617297603
doubtfullyvexatioustoilette,15.145542284542516,30.009263221137697,0.4600263554577539
chiefly.intertwined.deal,12.612952241699803,30.009263221137697,0.24413271237816211
visibly.bigger.devonshire,16.581991538497633,30.009263221137697,0.9500491715133126
firmly.unlikely.jampan,16.581991538497633,30.009263221137697,0.9507829677244656
aloudwikkybutter,13.339955628394776,30.009263221137697,0.11325029840576757
while@prepossessing@bushes,10.42899038073515,30.009263221137697,0.9259797051773049
ceaseless@ridiculous@hoofs,16.581991538497633,30.009263221137697,0.9443377949226076
softly@pluffskin@fame,13.212931561916669,30.009263221137697,0.4724889199631145
whence-lavish-weight,11.155389085204533,30.009263221137697,0.2352039280770459
fondly.monthly.hornpipes,16.581991538497633,30.009263221137697,0.9530273980820831
merely.noble.gloom,11.352786706125906,30.009263221137697,0.23315744035424057
brightly-bountiful-axiom,12.632449538194829,30.009263221137697,0.9490050410971188
whence-ruddy-gooseberries,14.793952354967894,30.009263221137697,0.4587822828733217
nearly.proper.blot,12.698208139653278,30.009263221137697,0.11223146616084144
especially@zealous@cliff,11.170231276425673,30.009263221137697,0.9526266493452459
still-trellised-lace,10.462642741820732,30.009263221137697,0.9444486635156004
merely!witchy!bonfires,15.503782136361544,30.009263221137697,0.9156647276473524
terribly-vain-cheek,11.592241396330396,30.009263221137697,0.9398443682274832
probably.brazen.couple,15.226024308264359,30.009263221137697,0.9205274591125621
cheerfully-inconvenient-shock,12.632449538194829,30.009263221137697,0.9446899482100988
beautifully.deemest.sound,12.882451839958836,30.009263221137697,0.949023986108269
incessantly-graceful-scenes,16.581991538497633,30.009263221137697,0.23445782130148782
comfortably-gentler-gong,12.60668053038079,30.009263221137697,0.9452523945281159
horribly-haunted-interview,12.632449538194829,30.009263221137697,0.9329581822564271
undoubtedly-supreme-shirt,16.685750913317342,30.009263221137697,0.9329490914433769
freely-regal-tread,12.759189868523944,30.009263221137697,0.4538555764990443
shingly!quondam!publishing,12.632449538194829,30.009263221137697,0.4564785935342674
highly@quondam@gulf,16.581991538497633,30.009263221137697,0.9260141064559925
lessviewlesstoilette,15.226024308264359,30.009263221137697,0.9300201426955439
shally-uncertain-snuff,16.581991538497633,30.009263221137697,0.24409471231848673
enoughdistressingskill,13.316671947743798,30.009263221137697,0.45875749267963256
outrightdearwelling,12.9885773268321,30.009263221137697,0.24179745356574636
sparely@near@fame,12.962931561916669,30.009263221137697,0.9442594548384865
lovingly@jumpy@haze,10.930054678088998,30.009263221137697,0.4498108964410236
formerlyfondlumber,11.196000284239712,30.009263221137697,0.9364947264193475
lowly@warm@handful,16.935750913317342,30.009263221137697,0.9534743530225402
almost.forlorn.families,13.437150767571028,30.009263221137697,0.4615580585619245
thoroughly!delicious!apples,16.831991538497633,30.009263221137697,0.060193208936004584
still.rash.blood,10.712636412045454,30.009263221137697,0.9531329640842311
blindly-blank-material,16.581991538497633,30.009263221137697,0.4565317751735411
roundthreadbarepowers,11.510530372035563,30.009263221137697,0.1121164599143611
vividly@lithe@empress,13.028677503935647,30.009263221137697,0.9486427645501427
tearfullynonsensewindows,16.581991538497633,30.009263221137697,0.23452017405672282
hoarsely!squeaky!kerchief,12.632449538194829,30.009263221137697,0.9490090874088057
right.unclean.blossoms,15.339944179208404,30.009263221137697,0.24268282888551532
severely-wrinkled-composers,16.581991538497633,30.009263221137697,0.95074823611006
visibly!true!brothers,16.714620217672326,30.009263221137697,0.9485562213921076
whereon!fathomless!slime,10.672338674593902,30.009263221137697,0.9510998448842213
prowly!unheard!parrots,11.509912194588207,30.009263221137697,0.4694654113897425
tinkly@visionary@kids,15.145542284542516,30.009263221137697,0.23600986520603462
outside.jumpy.task,11.445993954464434,30.009263221137697,0.9450054350755199
alway@globular@balloon,16.831991538497633,30.009263221137697,0.929418798961493
heavily@false@browny,16.831991538497633,30.009263221137697,0.461575880998788
near@copious@valleys,15.476024308264357,30.009263221137697,0.9203318151297301
around@left@corridor,14.912435152050998,30.009263221137697,0.942488735861531
beyondinferiormoan,13.00918687019272,30.009263221137697,0.9443018240224885
extremely.tropical.fixtures,10.9782159475746,30.009263221137697,0.9504271150316012
wisely@bespangled@guest,12.612952241699803,30.009263221137697,0.9506499666945261
lowly@fierce@rings,13.112934251936792,30.009263221137697,0.24293233301000547
unpleasantly-passive-hare,11.446000284239712,30.009263221137697,0.9427462312682816
twice.plainer.wind,13.064775980682718,30.009263221137697,0.05986760956283257
dimlyboredfact,16.62447278885821,30.009263221137697,0.1201139423413552
threedly.polite.fetch,15.395542284542516,30.009263221137697,0.4596983890717349
courteously-scrumptious-smile,12.827865630394296,30.009263221137697,0.4571272701252795
course-many-will,14.096203003598811,30.009263221137697,0.9440048994994849
also-eighth-wheel,16.581991538497633,30.009263221137697,0.9297367694635114
exceedingly!incipient!chins,12.632449538194829,30.009263221137697,0.12009471708200145
hence-nice-o’clock,12.938047643528941,30.009263221137697,0.9447201464821795
carefully.various.flippity,16.581991538497633,30.009263221137697,0.0038033786096863115
till.cloudy.variaziòni,10.14783166524747,30.009263221137697,0.9438338638382575
wheedly.tumultuous.rafter,12.632449538194829,30.009263221137697,0.9520253666029356
afterwards@pipple@walking,13.405430493704232,30.009263221137697,0.45964601658932336
aloneyonghywine,14.33339728596897,30.009263221137697,0.4526081964182121
sadly-calmer-multitude,15.188856477717016,30.009263221137697,0.4615417393863932
considerably-tangled-feast,12.856674637066842,30.009263221137697,0.45732838943048754
onward@orbicular@guest,12.612952241699803,30.009263221137697,0.9486353110260565
fortunately-plaintive-gratitude,12.882449538194829,30.009263221137697,0.2443967433981372
downwards.steadfast.suggestions,12.612952241699803,30.009263221137697,0.9261177149813933
newlywholesalepleasance,16.581991538497633,30.009263221137697,0.45569927697873036
unsuccessfullytorriblebeaver,16.581991538497633,30.009263221137697,0.46003004514149565
hithertoconvivialgentleman,16.581991538497633,30.009263221137697,0.4755845538332271
shortly@glad@horse,11.531986450001952,30.009263221137697,0.23446204383154137
especially!various!accursëd,15.145542284542516,30.009263221137697,0.4596474377021381
charmingly!unclean!lath,16.581991538497633,30.009263221137697,0.9530020561486027
unaccountably!original!attempts,15.145542284542516,30.009263221137697,0.9534687936384072
lightly@abstemious@loss,16.685750913317342,30.009263221137697,0.47540962667037606
casuallydifferentbark,12.77125616950266,30.009263221137697,0.9529924355942492
unexpectedly-sufficient-phantoms,15.145542284542516,30.009263221137697,0.11324977021330941
previouslynaturedfishes,11.539684122304239,30.009263221137697,0.4694665992324568
wyll-expansive-heart,13.200153658748263,30.009263221137697,0.9531561434291108
threedly.decorative.nonsense,15.145542284542516,30.009263221137697,0.1206903781821394
accurately@ancient@festoons,12.680610807680429,30.009263221137697,0.45374437487036967
merely.fluffy.discoveries,15.188023534903094,30.009263221137697,0.45404429940024055
sparely-timid-grott,12.632449538194829,30.009263221137697,0.47560899855236893
whence@burnt@nimmak,14.793952354967894,30.009263221137697,0.244153769956912
finally-concentrated-dress,11.572731619649938,30.009263221137697,0.9452181747287688
excessively.solemn.flumpetty,12.632449538194829,30.009263221137697,0.9530849218245357
tweedly.denser.meteor,15.145542284542516,30.009263221137697,0.9485467039580288
respectfully.violet.wave,11.481045215473033,30.009263221137697,0.46155724279204097
undoubtedly-eloquent-game,16.581991538497633,30.009263221137697,0.9490039192344049
nearly.roast.dinner,12.926669529136339,30.009263221137697,0.9527050686474853
barely.imprudent.parsnip,17.081991538497633,30.009263221137697,0.4564813964241789
nightly.spotty.dolorum,16.581991538497633,30.009263221137697,0.2443156245544727
wyll.rosy.scraps,12.632449538194829,30.009263221137697,0.952991151696137
tumbly-doubtful-town,11.333759523078907,30.009263221137697,0.944256000440471
amiably-weary-hearthrug,16.63015280798323,30.009263221137697,0.45878866170020716
lovingly.twin.tide,11.020700039911231,30.009263221137697,0.9355347414123182
rarely-virulent-dong,13.256142437453851,30.009263221137697,0.9442119462336728
firstdisgustingmouths,14.636630843817457,30.009263221137697,0.9505901938182185
