away@beautiful,11.446878931253023,70.0,0.9447721339884917
shilly@laconic,16.792606792959912,70.0,0.2426367921628581
abominably-different,14.877341121019755,100.0,0.9452816085843101
ratherbated,14.52274697948547,55.00000000000001,0.015309802613933273
kind!goodly,15.256508962269734,55.00000000000001,0.9490061156528529
slowly!high,9.86845362572428,55.00000000000001,0.12074200936603459
surreptitiously!veal,12.388171201550401,100.0,0.06047197874661284
past-legged,17.084096498931956,55.00000000000001,0.45939656859116806
thoroughly-hotter,16.987594293200296,85.0,0.4538077949954963
severely.uncommon,16.792606792959912,85.0,0.45648070612376407
round-glorious,14.96338967778126,70.0,0.4770049534391553
regardlessperpetual,14.877341121019755,95.00000000000001,0.0009313181041370156
pastincipient,17.084096498931956,65.0,0.24510583191956076
cheerfully-himmeltanious,16.792606792959912,120.0,0.1207421959097234
fondly@syllabub,16.792606792959912,75.0,0.23442858585734144
especially@supreme,14.877341121019755,90.0,0.9355197720850988
dreadfully@mighty,14.877341121019755,85.0,0.9488361253097105
inkstandhard,17.094903658162746,60.0,0.24193975077405952
high@roast,9.491157062698475,50.0,0.0601932982003157
furiously-comfortable,16.792606792959912,105.0,0.47505950563765936
apart@myriad,17.320927626533628,60.0,0.46157447279498937
immensely.supreme,16.792606792959912,85.0,0.11264777133436348
fourthlypure,16.792606792959912,60.0,0.46154897776582304
lightly.genuine,16.930952626052857,75.0,0.9433815644118871
i’ll-fimble,14.403118159016595,55.00000000000001,0.2449481255866449
profoundly!yearning,11.695537899661659,95.00000000000001,0.24291401516262837
needly-thin,9.992175254118065,55.00000000000001,0.9403947568724943
most!giddy,14.586962005466273,50.0,0.9443349401534363
possibly.solemn,16.792606792959912,75.0,0.9486332723195287
somehow!courageous,16.792606792959912,90.0,0.9488504773940661
gravely!fifteenth,16.792606792959912,85.0,0.9154784399532215
taneously@neuralgia,16.792606792959912,95.00000000000001,0.0037882788855714
nightly!olympian,16.792606792959912,80.0,0.9349638097168758
that@innumerable,12.575091563015143,80.0,0.4590166328929807
forever.convivial,17.125940126293244,85.0,0.9444074105463062
clerkly-kind,12.117004677802123,60.0,0.23453905925757593
cheerfullyelse,16.792606792959912,70.0,0.948307077674942
amiablyunusual,16.792606792959912,70.0,0.45944999227592326
seriouslyfifteenth,16.792606792959912,90.0,0.2441228245683818
extremely!asleep,10.094848278778827,80.0,0.11953610906626419
scarcely!bodied,16.792606792959912,75.0,0.9507214947173475
violently.bumpy,14.52274697948547,75.0,0.24305275195876092
purelycurious,12.300493066272468,65.0,0.9442554523031434
unaccountably!downward,14.877341121019755,110.00000000000001,0.23349202414179965
clerkly@gross,16.792606792959912,65.0,0.029720742863038517
frequently.quaint,16.792606792959912,85.0,0.44981113360548886
jingly.petty,16.987594293200292,60.0,0.12071365159453588
presently.alone,9.298540744499958,75.0,0.4599506872948748
ryghte-elderly,12.388188080210599,70.0,0.12085136187665209
tumbly.unheeded,14.877341121019755,75.0,0.9141404797198269
louder@clean,12.054854746877265,60.0,0.9508370706900305
cheerfullyupset,11.859875686189136,75.0,0.9507840137931797
underneath.chilly,16.792606792959912,85.0,0.9260128924387268
beneathgoblin,14.282261465888357,65.0,0.060302252748558674
clearly@uncaring,16.792606792959912,80.0,0.9525426123169705
fortunately!actual,16.792606792959912,90.0,0.24284602801940838
thensoundest,13.183395950264117,60.0,0.46124403691701027
fain-astonishing,15.015686954112704,80.0,0.453334948430804
violently@surprising,14.52274697948547,100.0,0.9529962264584086
tearfully-impressive,11.526550792556172,100.0,0.24413117525873473
incrediblyarctic,16.792606792959912,80.0,0.9138943913053602
placidlymorbid,16.792606792959912,70.0,0.4577479666549264
incredibly-drunk,16.792606792959912,80.0,0.9138943865023107
gradually-worth,12.054854746877265,75.0,0.9534630543169021
bemble.quaint,16.792606792959912,65.0,0.4498105423440389
comfortablyquaint,16.792606792959912,85.0,0.9449734937910855
very-dear,9.344892816555838,45.0,0.2451056172371221
hence!silly,11.526550792556172,55.00000000000001,0.9534172689596394
inside!twangum,16.792606792959912,70.0,0.9515156639479254
beneath@broken,14.282261465888357,70.0,0.014818915917290287
deeply@cool,11.595372296227378,55.00000000000001,0.4589870836528254
next!louder,14.185759260156697,55.00000000000001,0.24525131829390154
instead@seventh,15.317983819315545,75.0,0.45654838122612884
through@faint,9.473251447832908,65.0,0.11339614500096877
outright.neat,12.016381817183929,65.0,0.9452813061496681
around!innocuous,14.482685355365742,80.0,0.95065039363398
unaccountably.sole,14.877341121019755,90.0,0.4598706785678299
absolutely.indian,11.526550792556172,85.0,0.4615796257071567
merelyabstemious,14.933982788167192,80.0,0.9485501358899171
herefruitless,14.17574464192962,65.0,0.9504611487452655
much.borascible,14.955496205565431,75.0,0.95298552341105
wearily-fast,10.097021487025932,60.0,0.000935087389163278
taneously.virulent,17.125940126293244,90.0,0.9529167134323298
inkstandserene,11.932829575251018,70.0,0.9482026264503256
totally-willing,17.125940126293244,75.0,0.24440599872694568
wyll-scarlet,16.987594293200296,60.0,0.11345930436816251
continually.yellow,9.890450200192793,90.0,0.9259601356776739
madly!propitious,17.125940126293244,80.0,0.11219429012254646
immensely!magic,16.792606792959912,75.0,0.9438551194474486
dimly!ancient,16.85682181894071,65.0,0.9488978250511293
violently@desperate,14.52274697948547,95.00000000000001,0.929704697080702
unawares.mournful,16.792606792959912,85.0,0.9512369394663177
slightly.wise,11.737842075010636,65.0,0.9138878222926511
immenselybarren,16.792606792959912,75.0,0.9438550164121429
distinctlymendacious,16.792606792959912,100.0,0.06017825957017455
hereenormous,14.17574464192962,60.0,0.9506947261307473
consecutively@multitude,16.987594293200296,115.0,0.9529994458981207
bemble.lithe,16.792606792959912,60.0,0.9528963484576373
tweely-obnoxious,16.792606792959912,80.0,0.952982241923923
taneously-fairest,16.792606792959912,85.0,0.4615521920924244
frequentlywaesome,16.792606792959912,85.0,0.4498111336071947
oftenmyriad,14.877341121019755,55.00000000000001,0.45592273588694837
quite!gray,9.172865114375808,50.0,0.24432054219678792
humbly-fluffy,16.792606792959912,65.0,0.9534746307051635
consistently.unclean,9.611285120616019,100.0,0.9261364227056766
even@wide,9.354602408650967,45.0,0.4526654776816067
therefore@bespangled,14.877341121019755,100.0,0.9261266543569501
waddly@troubled,14.877341121019755,75.0,0.9529804198323267
lovingly-noble,14.52274697948547,70.0,0.47290233187996766
excessively.silvery,16.85682181894071,95.00000000000001,0.11895762292273633
ceaseless.airy,11.500554397229472,70.0,0.9483007937772286
soundless@passé,14.877341121019755,75.0,0.9444463774136536
swiftly.dreadful,16.792606792959912,80.0,0.06019022483396299
carefully-impossible,16.792606792959912,100.0,0.4587713099852583
unrestrainedly@delusive,14.877341121019755,115.0,0.9487733536122466
enoughseveral,17.038261991015315,65.0,0.47701423596727094
grandlyupward,16.792606792959912,65.0,0.9202022508844346
respectivelynearer,9.256690979081734,90.0,0.9398508788467473
instinctively@fruitage,16.792606792959912,110.00000000000001,0.23315997394877633
lessincongruous,14.984650485982211,75.0,0.4754737235206584
respectively.hateful,14.52274697948547,100.0,0.9443295335984375
louder@unlikely,11.526550792556172,75.0,0.45654555442088823
nevertheless@plum,10.76441211424249,85.0,0.9507875764335473
properly@insect,16.792606792959912,75.0,0.9141404703528402
distinctly-terrified,16.792606792959912,100.0,0.06017825957017455
clearly.eclectic,16.792606792959912,80.0,0.9525426118507228
beneath!fashioned,14.282261465888357,85.0,0.23442122175189584
further!peaceful,16.792606792959912,80.0,0.9440080005854313
quaily-nigh,9.658845816086274,55.00000000000001,0.2430254766894705
alone@motionless,12.526542352855802,80.0,0.9446664506658567
gravely-vacant,11.859875686189136,70.0,0.9482053672628045
furiously-selfish,16.792606792959912,85.0,0.9505987545868725
severely.sudorific,16.792606792959912,90.0,0.4565264304376633
thoroughlysober,16.792606792959912,75.0,0.9443046114406674
amiably-small,12.472746345725625,65.0,0.4588090282768088
unpleasantly@primaeval,14.877341121019755,110.00000000000001,0.9444178749288351
home!interesting,12.154708174163567,80.0,0.9438579019669388
downstairs@leathery,16.792606792959912,95.00000000000001,0.44973439385116853
below-impulsive,15.14645942837229,75.0,0.9514615869334254
tumbly!toasted,15.07232862126014,70.0,0.45970101691821724
home-horrible,16.89246022024621,65.0,0.45895012586764566
entirely!disgusting,16.792606792959912,95.00000000000001,0.950670633402864
less!celestial,14.984650485982211,70.0,0.9334685716050579
surely.stout,9.288242468758183,60.0,0.46002656286232896
wyll-twirly,16.792606792959912,55.00000000000001,0.12075390613431744
oncefrench,14.517769626089047,50.0,0.23335391672448436
almost!clangle,17.56658282458903,70.0,0.9364281288775046
speedily!feeble,16.792606792959912,75.0,0.0018851852596107872
strown!mystic,16.792606792959912,65.0,0.9147001077123584
seriously.solemn,16.792606792959912,80.0,0.2333506499115649
carefully.phantom,12.400656995880796,85.0,0.46152126368712526
hard!ingenious,16.899916157922362,70.0,0.11365515560861685
carelessly@keepest,11.500554397229472,90.0,0.11267713578107709
best-separate,15.12299631907516,65.0,0.9488499329513151
incautiously-original,16.792606792959912,105.0,0.4559102656471541
cheaplyornamental,16.792606792959912,85.0,0.45404597669092717
unclasp-louder,16.792606792959912,70.0,0.4618025326085258
nigh!midnight,17.42823699149608,65.0,0.9533654732958177
firmly!troubled,16.792606792959912,75.0,0.45405188441977684
home-baleful,16.89246022024621,60.0,0.23337799453115687
soundless!promiscuous,14.877341121019755,105.0,0.9398340653384645
badly.ready,12.526500156575539,55.00000000000001,0.2353744681883643
freely-excessive,16.792606792959912,80.0,0.9298800437060404
somewhatgross,16.792606792959912,65.0,0.9507445686752226
finally.borascible,14.877341121019755,90.0,0.9507727371033887
exceedingly.neuralgia,16.792606792959912,105.0,0.926132169876263
mutelylate,11.82551759105219,50.0,0.4537140619345905
placidlypurple,16.843274490774927,70.0,0.46147471951834984
accordingly!constant,16.792606792959912,100.0,0.9398441239723933
betterblacky,16.792606792959912,60.0,0.11323724758511734
merely.laudable,14.933982788167192,75.0,0.4497059443064948
unerringlysecond,10.880352791987919,80.0,0.9297315804919251
fondly@extreme,12.52649171776377,70.0,0.9506355747865011
respectively@yearning,9.42567808618722,105.0,0.9534779636915048
upside-appropriate,16.792606792959912,90.0,0.952799486005744
clerkly-ugliest,16.792606792959912,75.0,0.4539814088134402
singly!globular,16.792606792959912,75.0,0.9259804758783106
lowlysmooth,17.320927626533628,55.00000000000001,0.2443082835012517
soundly!syllogistic,16.792606792959912,95.00000000000001,0.24436122463229948
around@moony,14.482685355365742,60.0,0.926392539837213
therefore!baleful,14.877341121019755,85.0,0.23356021272457655
forth!invidious,14.951471928131904,75.0,0.9523454828887422
forever@fearful,17.320927626533628,75.0,0.44970521389285123
fourthly@greedy,16.792606792959912,75.0,0.23442881373327615
fondly@velvet,16.792606792959912,65.0,0.4616188810973222
fondly!blamble,16.792606792959912,70.0,0.920598993090044
stealthily!broken,14.856080312818804,85.0,0.9427495631614827
sadly@reverent,14.740105878345371,70.0,0.4577437550150094
much.homeward,14.955496205565431,65.0,0.0037643179717115898
madly!third,11.96385818571518,55.00000000000001,0.4728182267222748
consequently!radiant,16.792606792959912,100.0,0.05989225576632498
less@desperate,14.984650485982211,70.0,0.9333831133759241
alas.deemest,14.52274697948547,60.0,0.45739757655474383
jingly@coppery,16.987594293200292,70.0,0.9531274042785547
stealthily!aware,9.759011419520554,80.0,0.4564766771116701
willingly!stately,16.792606792959912,85.0,0.46157934521806504
considerably@bubbly,16.792606792959912,95.00000000000001,0.951220044575408
straight!deadly,14.52274697948547,75.0,0.06029983953547217
mostbitter,14.661092812578419,50.0,0.45729820625358647
nigh@pleasant,12.902927828890526,65.0,0.23580329718369739
finallyscarlet,15.07232862126014,70.0,0.4756033103456678
till@treacherous,13.479782962363432,80.0,0.12005952934266288
darklyutter,14.877341121019755,55.00000000000001,0.23338243968120376
gravelystupendous,16.792606792959912,85.0,0.9154784399528987
seldom.ombliferous,16.899916157922362,90.0,0.9486497547530905
unerringly-afraid,10.113605561054838,85.0,0.9500715415703136
hitherto-high,12.074098413217923,65.0,0.9505906805004963
meanwhile.illusive,16.792606792959912,90.0,0.46154518443148784
particularly.chilly,16.792606792959912,95.00000000000001,0.24179823649619142
underneath.awake,16.792606792959912,80.0,0.9530026978309303
faintly@minor,16.792606792959912,65.0,0.23601787811002567
much!olympian,14.955496205565431,65.0,0.9156248913420089
gravely.strict,16.792606792959912,70.0,0.014935007760969081
onward.displeased,16.792606792959912,85.0,0.24267824124344364
i’ve-myriad,14.082502923576918,55.00000000000001,0.47548992496192505
alack-patient,14.877341121019755,65.0,0.95068631483614
partially@celestial,16.792606792959912,95.00000000000001,0.9527443662647488
utterlysaucy,16.792606792959912,60.0,0.9488274541416254
forever@hateful,17.125940126293244,75.0,0.47552042897660685
tinklyhoarse,14.877341121019755,60.0,0.9486515581075478
awhile!strong,10.277926468625905,65.0,0.45884065143737945
unexpectedly.unblenching,14.877341121019755,120.0,0.11955326276688542
quite-downward,14.264572225911941,70.0,0.9352173786921282
namely-indian,11.526550792556172,65.0,0.9439019571398212
hurriedly!gallant,14.512458974825345,85.0,0.953029341220157
capriciouslydolomphious,16.792606792959912,115.0,0.45577567170877803
gaily@rosewood,11.695537899661659,70.0,0.9508971858903663
hardly!ripe,12.054863186429516,55.00000000000001,0.9447158508219072
alas!coppery,14.52274697948547,60.0,0.9266640644670524
darkly-woolly,14.877341121019755,65.0,0.119507489959977
evercourageous,14.390694201518643,70.0,0.45260382242743535
greatly@attentive,16.792606792959912,85.0,0.4599370346970776
soundly!shut,16.792606792959912,60.0,0.4755105452011781
simply.loathly,16.792606792959912,70.0,0.2432698192698955
compactly-terrified,16.792606792959912,95.00000000000001,0.9141608297200698
gravely-further,16.792606792959912,75.0,0.952919533456506
just!unhappy,14.363305982501604,60.0,0.45267698601086387
high@cool,9.25264962394621,45.0,0.953245343787264
furiously-tired,16.954415735349993,75.0,0.9257897306188677
beyond-distasteful,16.987594293200292,90.0,0.9510984014292285
coldlysober,16.792606792959912,55.00000000000001,0.9488705039173859
patientlycloxam,16.792606792959912,75.0,0.4599313463797293
regardlessglobular,14.877341121019755,90.0,0.9447191114065826
foolishly.smallest,12.054854746877265,90.0,0.9524781140359772
coldlywicked,16.792606792959912,60.0,0.4565275882167179
downwards@hoary,16.792606792959912,75.0,0.9290698476532475
wisely.ungracious,16.792606792959912,85.0,0.9500488148696675
presently.tall,10.2566403431011,70.0,0.4599252344145875
feeblyexcellent,9.944610014248981,75.0,0.9405852292881326
severelyvoluminous,16.792606792959912,90.0,0.4565264304376955
seriously!nutritious,16.792606792959912,100.0,0.05960590921486284
plainly!baleful,16.792606792959912,75.0,0.9439980957171797
bittertesty,16.86673760007206,55.00000000000001,0.4572809938979305
ever@beautiful,10.20588720980731,70.0,0.4539764646694788
rapidlytriumphant,16.792606792959912,85.0,0.47530889867271847
greedily-loathly,16.792606792959912,80.0,0.47546411236303365
bemble.grassy,16.792606792959912,65.0,0.46946635605207276
sometimes.careless,14.877341121019755,90.0,0.44856780139242
suddenly@jiska,16.792606792959912,70.0,0.24301915461328835
abominably-ethereal,14.877341121019755,95.00000000000001,0.23452830027604532
hence.nursy,16.792606792959912,55.00000000000001,0.9329498312607845
scarcely-bubbly,16.792606792959912,75.0,0.9507214772987921
fourthly!elderly,12.054854746877265,80.0,0.24292369546219772
anew@fierce,16.792606792959912,55.00000000000001,0.47709751143105467
grandly-chippy,16.987594293200296,70.0,0.9485502020332696
often-ruder,9.944610014248981,55.00000000000001,0.9334801122351675
aroundmumbian,14.482685355365742,65.0,0.4577421265426326
downstairs@wikky,16.930952626052857,80.0,0.9487722332552843
hastilyrocky,16.792606792959912,60.0,0.2443253297216097
headlongwise,9.82257640307048,60.0,0.45959738053978366
wistfully.courageous,16.792606792959912,100.0,0.9364776057685804
stealthilyrural,14.856080312818804,75.0,0.44981381599338605
faintly@wicked,16.792606792959912,70.0,0.9202925872186559
wherein@illusive,14.877341121019755,80.0,0.930021581898867
round-willeby,14.96338967778126,65.0,0.9363205565503099
singly-unaided,17.125940126293244,70.0,0.46180554084548586
freely@disjointed,16.792606792959912,85.0,0.4588366864099132
enthusiasticallypanted,14.877341121019755,110.00000000000001,0.45982855378678705
fondly@blind,12.193192140566063,60.0,0.9505957226350725
alway.impulsive,17.125940126293244,75.0,0.9520429216494115
ceaseless.more,12.006127921934976,70.0,0.015250051823558522
somehow.stern,12.300501505528516,65.0,0.11326122106449969
purelywild,12.211353736470564,50.0,0.46165172152828554
respectively!unique,14.52274697948547,95.00000000000001,0.24293136835734327
entirelyunheeded,16.792606792959912,80.0,0.9530843546745139
suddenly@steep,11.859875686189136,70.0,0.9328718691964223
away-unhappily,15.631685922964355,70.0,0.9202022658660838
charmingly@wintry,16.792606792959912,85.0,0.24414328954923437
high.jumble,14.44988412067874,55.00000000000001,0.4588222136017482
twice.trellised,16.792606792959912,75.0,0.0037687674137133345
rapidly!intrinsic,16.792606792959912,85.0,0.4753088986735709
tweely.youngest,16.987594293200296,75.0,0.4538641401910991
underneath-mighty,16.792606792959912,85.0,0.926012892438238
loose@markable,14.877341121019755,70.0,0.4573772186745655
vainly-double,10.048592513775025,65.0,0.4753304503708837
downward.upsetting,16.792606792959912,90.0,0.2429251326491911
fairly!ruddy,16.792606792959912,60.0,0.46142905155363684
back.subject,10.02812972687309,60.0,0.4572732546189316
usually@gosky,11.859875686189136,65.0,0.24508816240998754
whollyshiny,16.792606792959912,55.00000000000001,0.11210175670299699
brightlychickabee,16.792606792959912,85.0,0.4615461805405577
forth.newest,14.951471928131904,60.0,0.9511111909588146
whence-dolorous,14.40855454825359,75.0,0.24507225461111853
aloneaimless,17.459273459626576,60.0,0.0037628410669757165
asleeprosy,16.792606792959912,50.0,0.9530068686190999
thoroughly.uncombed,16.792606792959912,95.00000000000001,0.47560400593096364
thereby.various,16.792606792959912,75.0,0.9443050572725988
cheerfully@transitory,16.792606792959912,105.0,0.9355198219119123
incessantly@harsh,11.526550792556172,85.0,0.44981081556549457
furiously.actual,16.792606792959912,80.0,0.9440079984197884
twice@excessive,16.792606792959912,75.0,0.0037688101000790037
downward.arithmetic,16.792606792959912,95.00000000000001,0.4599398578333034
alack!queenly,14.877341121019755,65.0,0.9512368823388864
grandly!loveliest,16.792606792959912,85.0,0.9260444350489282
merely!solemn,14.933982788167192,65.0,0.9525538650671852
louder.afraid,11.695537899661659,65.0,0.9291692267098843
headye@twitchy,16.792606792959912,70.0,0.11360820510663516
hastilypassé,16.792606792959912,60.0,0.030063886319764987
anither.baleful,14.877341121019755,75.0,0.1132474608832095
lightly!eloquent,11.998221519282081,80.0,0.23445696211820632
consistently.alight,9.944610014248981,95.00000000000001,0.11325676356309151
only@crafty,14.203297468877835,55.00000000000001,0.11683947512475491
high.hard,14.557193485641198,45.0,0.4729925666853997
soundless.tearful,14.877341121019755,85.0,0.4753065026876317
aloudearlier,16.930952626052857,60.0,0.11955124208463774
inwardlykeen,16.792606792959912,60.0,0.9531270563793939
justageing,14.363305982501604,50.0,0.2353844286343215
thus!pleasant,9.846772528280544,65.0,0.4537042330982739
anxiously@arithmetic,16.792606792959912,100.0,0.47552381577357905
cheerfully.purpledicular,16.792606792959912,120.0,0.45986573126970803
unsuccessfully.heavenly,16.792606792959912,115.0,0.4540520963599425
violently-modern,14.52274697948547,80.0,0.9487782212648546
thereby!fleecy,16.792606792959912,70.0,0.9505545846338186
constantly.common,16.792606792959912,85.0,0.4599209115989389
therefore@spotty,14.877341121019755,80.0,0.9505275857275461
usually-abject,16.792606792959912,70.0,0.4615906795424267
hoarsely-aghast,11.573282018051032,75.0,0.4565456911066088
heavily.exciting,17.125940126293244,80.0,0.11325401719124673
enough-tuneful,11.772205990611575,70.0,0.23442666253737376
indeedserene,11.876187908103581,60.0,0.9260127136131362
where.dumb,9.094907338954522,50.0,0.12000847922512739
tearfully-legged,16.792606792959912,80.0,0.12010916787133168
incredibly.pert,16.792606792959912,75.0,0.9453106783667647
because@loveliest,13.971149833081608,85.0,0.2331510595475664
anither-wild,10.296088064530409,60.0,0.9505229989565966
lovingly@scornful,14.52274697948547,85.0,0.46957236825583004
directlylarger,16.899916157922362,70.0,0.45282858345241267
rather-boastful,14.52274697948547,75.0,0.932952669935572
frequently-wikky,16.930952626052857,80.0,0.4539848296021196
onward-neuralgia,16.792606792959912,80.0,0.9507413570518732
right@sharp,15.469876980574272,55.00000000000001,0.45137695565517555
alonghuge,14.748770947856352,45.0,0.12071266807644554
because!chankly,14.637816499748274,75.0,0.9443201425855957
calmlybetter,14.877341121019755,60.0,0.00186152171698025
subsequently-perfect,16.792606792959912,100.0,0.9520843238753327
formerly-downward,14.877341121019755,85.0,0.46924769057564875
alway!richest,17.125940126293244,65.0,0.9156578592573626
nigh!capable,17.233249491255695,60.0,0.457398952153375
tearfully!unsteady,16.792606792959912,90.0,0.9398468932383295
everywhere.difficult,16.792606792959912,100.0,0.4611504963188092
asleep.delicious,16.792606792959912,80.0,0.45647900168517697
therebymotionless,11.859875686189136,85.0,0.4560812651036956
sweetly-witchy,17.213618261571174,70.0,0.4614970835906532
badly-sacred,17.125940126293244,60.0,0.9261327289503287
before@blue,9.718582763783402,55.00000000000001,0.9364856077529462
graduallysatisfactory,16.792606792959912,105.0,0.0018898744039267676
such-surprised,14.066194411252612,70.0,0.24259516858956418
more!twin,14.38425698289447,45.0,0.4617822625478244
absolutely.needest,16.792606792959912,90.0,0.23345342418392448
gravely-wildest,16.792606792959912,75.0,0.9529193766334517
asunder!reverent,16.792606792959912,80.0,0.9443283308530513
almost.lively,16.913463486088148,65.0,0.4615346674313723
well-ghostly,14.288550047821596,60.0,0.23335299841893634
remarkably.strange,12.828754829200292,90.0,0.9364737263608838
kindly.vindictive,16.930952626052857,85.0,0.00375093686797968
perhapsorange,9.350408570362175,65.0,0.9204550223098734
totallyinner,16.792606792959912,60.0,0.23445697895624215
already@incongruous,16.792606792959912,95.00000000000001,0.9438640069831391
everwonderful,14.390694201518643,65.0,0.9505751712778524
mainly.heavy,14.877341121019755,60.0,0.9332685037408687
consequently-shining,16.792606792959912,100.0,0.05989225576632498
vividly.periwinkle,16.792606792959912,90.0,0.9400370035779338
fondly!innocent,16.792606792959912,75.0,0.23442871598694454
never@fond,17.082191948533826,50.0,0.12075905340097456
particularlysuperfluous,16.792606792959912,115.0,0.0038048394025639817
accurately@wholesale,16.792606792959912,100.0,0.9297385476956059
forthancient,15.015686954112704,60.0,0.9512369737134607
hurriedly-ancient,14.576674000806142,85.0,0.9487737412322949
hoarselycharnel,16.792606792959912,75.0,0.9450187009428227
’twasthick,9.212036439584287,50.0,0.23580660679786353
considerably.eclectic,16.792606792959912,105.0,0.11272112187372821
afterwards!plausible,16.792606792959912,100.0,0.2345181831288609
immediately-verbal,16.792606792959912,90.0,0.23440706580415696
straightsurprised,14.52274697948547,85.0,0.449199960004086
apart@absurd,12.158856162872539,60.0,0.9511011595437113
mainlyconcentrated,14.877341121019755,90.0,0.23442320720048565
shovely-nearer,11.526550792556172,70.0,0.24326949679355003
lowly!reverent,16.792606792959912,70.0,0.9508979471871992
willinglygoblin,16.792606792959912,75.0,0.46158097533659403
barely!witchy,17.213618261571174,65.0,0.9438946110268562
firmly!tender,16.792606792959912,65.0,0.45986740741478355
alway@blamble,17.125940126293244,65.0,0.460076949784261
certainly!motley,16.843274490774927,80.0,0.9444262972101601
strongly!negative,11.526550792556172,85.0,0.4692438485406688
faintly-roast,11.833879734979645,65.0,0.9506748959773758
scarcely-easy,16.930952626052857,65.0,0.95223550165864
vividlymannered,16.792606792959912,75.0,0.9488182553896595
alreadytall,12.526500156575539,55.00000000000001,0.9506277169627977
lovingly@willeby,14.52274697948547,80.0,0.0038050996965486366
nightly-pitiful,16.792606792959912,75.0,0.9447155604773662
greedily.dear,12.074099963345317,65.0,0.9298699165407319
unpleasantly!jubilant,14.877341121019755,105.0,0.46153193435613515
well@sandy,14.62188338115493,50.0,0.24414578984203242
outright!abject,17.125940126293244,75.0,0.952926674903579
fondly!blind,12.193192140566063,60.0,0.4526706199322517
further!wholesome,16.792606792959912,85.0,0.9534685003354106
alternately!bright,11.922573733450003,90.0,0.9401384854490422
more@perpetual,14.38425698289447,70.0,0.24522997173329578
back-bright,10.255165560661432,55.00000000000001,0.9529504175934101
severely@present,11.82551759105219,80.0,0.11953671985361772
soundlessundoubted,14.877341121019755,90.0,0.9507870188655855
grimly@restless,16.792606792959912,75.0,0.9529191485668257
rapidly@oldest,16.792606792959912,70.0,0.9364232094757255
hastily@closer,16.792606792959912,70.0,0.11415380664990761
later.botanical,16.792606792959912,75.0,0.9512244105009036
constantly!tchokis,16.792606792959912,90.0,0.9294110795395908
scarcely.manly,16.792606792959912,70.0,0.24321770343596089
darkly-delighted,14.877341121019755,80.0,0.24293149969319094
everthreadbare,14.390694201518643,70.0,0.45266268452803166
really!close,14.984650485982211,60.0,0.9513398062790548
regardless.fairish,14.877341121019755,90.0,0.9447191114065288
prowly.welcome,14.877341121019755,70.0,0.9329580877507004
strongly-cheap,11.500554397229472,70.0,0.24325154869490712
farther@only,11.380225450406535,60.0,0.9398282805358333
truly-gray,11.700899681423781,50.0,0.9529140678104969
immensely-undying,16.792606792959912,85.0,0.11264777133554553
fairly@veriest,16.792606792959912,70.0,0.9206186680280477
well-neuralgia,14.288550047821596,70.0,0.24324953642289837
deep!decorative,14.38074676039708,75.0,0.4770422265227813
carelesslyodious,12.054854746877265,80.0,0.9529740018417648
distinctly@camomile,17.125940126293244,95.00000000000001,0.9156185780523342
indeed!asleep,12.438838899365416,65.0,0.12011247349249979
strongly!uncommon,16.792606792959912,85.0,0.9259405451301416
deep!ready,10.114640124012709,50.0,0.9488548586372901
partially-painless,16.792606792959912,90.0,0.12010795391229347
terribly.mental,14.877341121019755,75.0,0.05985851611750513
properly-trustful,16.792606792959912,85.0,0.11953609149205979
particularly!vexed,16.88028492823784,90.0,0.944243920069424
scarcely-leathery,16.792606792959912,85.0,0.003804980290226406
furiouslypainful,16.792606792959912,80.0,0.9440080049617241
tearfully@flighty,11.526550792556172,85.0,0.0009492745354816131
beneath!footed,14.282261465888357,70.0,0.015175143358539686
hence-negative,11.526550792556172,70.0,0.11348752523731677
already!easier,16.792606792959912,70.0,0.45965686776690606
downward@rapt,16.792606792959912,65.0,0.9175888222441838
subsequently.silent,16.838441300876557,95.00000000000001,0.9440079468614274
guiltily@frantic,12.300493066272468,80.0,0.9364738292107004
headlong.painless,14.877341121019755,85.0,0.4560556545051894
doon@certain,16.899916157922362,60.0,0.9506519176767486
consequently@forlorn,11.492192115470786,100.0,0.12009953190212011
perpetually!uncommon,16.792606792959912,100.0,0.12009421529902517
accordingly!human,12.679610275096024,85.0,0.9510815136944476
wildly-spacious,11.526550792556172,75.0,0.24440607710208442
belowpossible,10.54704477597844,65.0,0.9534213365002255
late-hasty,16.987594293200292,50.0,0.9452803511388579
longhollow,14.223874611708013,50.0,0.4574010173669255
calmly!flat,9.91861406303949,55.00000000000001,0.11418428837703475
tumbly!blank,14.877341121019755,60.0,0.9504923379238975
placidly-ornamental,16.792606792959912,95.00000000000001,0.11895931531403169
tinkly!restless,14.877341121019755,75.0,0.46125791757715934
louder.such,12.794426122252915,55.00000000000001,0.9294416664366931
likewise@bent,12.028859239769806,65.0,0.47558055235280977
very-intrinsic,14.063399646170431,70.0,0.46170612289943813
suddenly-main,11.683050431505311,65.0,0.9156554282284006
enough!coppery,17.038261991015315,70.0,0.23315895873363854
beyond@devoid,16.987594293200292,65.0,0.9353012494262987
that.upset,7.6423604562443685,50.0,0.953473393776714
more.uncommonly,14.38425698289447,75.0,0.11361068787191368
later-full,13.054812551337488,50.0,0.12085316088964947
exceedingly-circular,16.792606792959912,100.0,0.45654600969264675
forever-mysterious,17.125940126293244,90.0,0.4615519886165955
anew.mellow,11.526550792556172,55.00000000000001,0.94896149539421
incidentally!behold,11.941189099942099,95.00000000000001,0.9506009405590335
tumblydisgusted,14.877341121019755,75.0,0.914136087404424
barely@plumdomphious,16.792606792959912,100.0,0.4540516015637256
late-poor,16.987594293200292,45.0,0.9503912879090279
soundlygolden,16.88028492823784,65.0,0.4771268666293083
strongly@eclectic,16.792606792959912,85.0,0.9259405451305304
abruptlygigantic,16.792606792959912,80.0,0.46953675232079245
tweedly@supple,14.877341121019755,70.0,0.24326848873537388
considerably.flumpy,11.859875686189136,95.00000000000001,0.9525096053184923
deep@same,9.345319258399913,45.0,0.9206418856112967
mainly@sole,14.877341121019755,55.00000000000001,0.11950774299650742
considerably.coppery,16.792606792959912,100.0,0.9525588589695524
therefore-asleep,10.385227394332313,80.0,0.05959712166191723
namely@bright,11.922573733450003,65.0,0.475609149373609
againappalling,15.544007787686423,70.0,0.9447612340664118
along@drear,14.748770947856352,55.00000000000001,0.4575398270742151
much.moony,14.955496205565431,50.0,0.9261384424635379
aheadnautical,11.526550792556172,65.0,0.9333807968100365
strown-wide,11.780498280718575,55.00000000000001,0.9398371619443748
therefore!thankful,14.877341121019755,90.0,0.9400566350787045
accurately!black,11.837512727269994,80.0,0.11324709836502814
cheaplycalico,16.792606792959912,65.0,0.9515155507527212
quaily-battered,14.856080312818804,75.0,0.0009481029190900388
dimly.unsteady,16.792606792959912,70.0,0.4526558772823609
underneath!barbary,16.792606792959912,90.0,0.00047211687237694804
consistently@fierce,14.877341121019755,95.00000000000001,0.4586935412355469
shovely@alien,16.792606792959912,65.0,0.9265823020779749
formerlyperiwinkle,14.877341121019755,90.0,0.943856097464854
strown@sunny,16.792606792959912,60.0,0.23674651661629748
wisely.common,16.792606792959912,65.0,0.9450098720606402
aloud.grim,11.833883732754607,50.0,0.9513266493630951
aloudbeloved,16.930952626052857,60.0,0.9259420273198254
doubtfully@only,11.292547315128605,75.0,0.951109559802494
unexpectedlystable,14.877341121019755,90.0,0.9146880229425773
whilewoeful,13.85466124968034,55.00000000000001,0.952860196605921
fondlymost,12.630467233418107,50.0,0.9534524669881588
tearfully@candid,16.792606792959912,80.0,0.12010916813941447
inside@eloquent,11.859875686189136,75.0,0.9349657093614793
purely!tearful,16.792606792959912,70.0,0.4577492637599472
indeed!insipid,11.664896625649119,70.0,0.2335650130908689
absolutely-blind,12.193192140566063,80.0,0.05987047859077913
subsequently-graceful,16.792606792959912,105.0,0.4587641425091418
quaily@silvery,14.920295338799605,70.0,0.05960220357208582
surreptitiously-shining,16.792606792959912,115.0,0.9254334148823101
safelyregal,16.792606792959912,55.00000000000001,0.44873595062248345
unerringly-delicate,15.21067445435309,95.00000000000001,0.9523240145351296
calmly!primaeval,14.877341121019755,80.0,0.9520277681027234
exactlyvoluminous,14.32087641297566,85.0,0.9427476752058743
oftenloud,15.07232862126014,45.0,0.243219744346551
fondly!harsh,11.526550792556172,60.0,0.9534082631894297
grimlyvoluble,16.792606792959912,65.0,0.015217708292431234
clerkly-snug,16.792606792959912,60.0,0.45630600884876343
mostinterested,14.586962005466273,70.0,0.950742611166605
humbly-cutaneous,16.792606792959912,80.0,0.9511006027185851
only-nutritious,14.203297468877835,75.0,0.9433696933999122
nightlydivine,11.526550792556172,65.0,0.47289838998988026
grimly!wintry,16.792606792959912,65.0,0.9300200934898786
totally.sanguinary,16.792606792959912,90.0,0.9439779233997894
regardless-lidded,14.877341121019755,85.0,0.9444173464500891
incidentallymorbid,16.792606792959912,90.0,0.23356078535806035
well@heavenward,14.288550047821596,75.0,0.4612493877129713
courteously@distasteful,16.792606792959912,115.0,0.060193033453055246
aheadolder,16.792606792959912,50.0,0.9199520793824326
greedily!delicate,16.792606792959912,85.0,0.9528033448309791
prowlytranslucent,14.877341121019755,85.0,0.24293224810793293
probably-dulcet,14.984650485982211,75.0,0.9352343948909371
half@periwinkle,17.00336286479308,75.0,0.2344619141469795
greatly@judicious,16.792606792959912,85.0,0.45993703468674363
less.dumb,10.654337262576899,45.0,0.4730019128075866
together-waterproof,14.566531611031063,95.00000000000001,0.9146738663327535
apart-absurd,12.158856162872539,60.0,0.9512338261456237
waterwagtails@flumpy,11.859875686189136,100.0,0.9260520719031613
mainlyimpulsive,14.877341121019755,75.0,0.4540486369195695
long!peaceful,14.223874611708013,65.0,0.4596947834599367
well@tumultuous,14.288550047821596,75.0,0.46124978024631524
likewiseloving,16.792606792959912,70.0,0.950903229408969
vividlygratifying,16.792606792959912,85.0,0.4498007948828963
dumbly.leaden,14.877341121019755,65.0,0.952705314304051
forthwith.whatsoever,16.792606792959912,100.0,0.9261281022665871
bemble@tranquil,16.792606792959912,75.0,0.9449874766231378
uneasily.ornamental,16.792606792959912,95.00000000000001,0.9510643976814037
behind!glorious,16.930952626052857,75.0,0.23451378608046194
incautiouslyprimaeval,16.792606792959912,105.0,0.4559102656471541
inwardly@ready,12.526500156575539,70.0,0.23356343349421524
kindlygloomy,16.930952626052857,60.0,0.9300074237494154
thatpleasing,12.575091563015143,60.0,0.11325394420738856
enthusiasticallyelse,14.877341121019755,100.0,0.11322592034502636
quaily@fishy,14.856080312818804,60.0,0.9506864604480922
much-pitiful,14.955496205565431,60.0,0.9534184881524441
nearly@newer,16.792606792959912,60.0,0.9506038000189503
back-free,10.36145506468973,45.0,0.9505397448771865
thereby@obsequious,16.792606792959912,90.0,0.9527863469644989
properlyclean,12.054854746877265,65.0,0.9533816588684072
remarkably-impressive,11.526550792556172,105.0,0.930009861036812
outsideobnoxious,14.877341121019755,80.0,0.9259150898027004
soundly@higher,12.193192140566063,70.0,0.9349600190051504
barely!sickly,16.792606792959912,65.0,0.46151171357472537
awhile-desperate,14.877341121019755,80.0,0.9499780430785448
onward.unnatural,16.792606792959912,80.0,0.9507413568908477
high-joyful,14.44988412067874,55.00000000000001,0.9294458848037837
excessively-beatrice,12.300493066272468,100.0,0.05989049527210543
however.denser,14.877341121019755,70.0,0.9333513591627812
beautifully@mimic,16.792606792959912,85.0,0.9294463118535466
strown-passive,17.125940126293244,70.0,0.46169972980057306
homeward.reluctant,16.792606792959912,90.0,0.4695355607489254
outside.unpitying,14.877341121019755,85.0,0.9507208961995008
later.lavish,16.792606792959912,60.0,0.4589870312358205
incautiously.pale,12.211349841311003,85.0,0.9438945752361934
formerly-false,14.877341121019755,70.0,0.4596273501168598
away.stolen,15.631685922964355,55.00000000000001,0.4617986532317226
charmingly!better,16.792606792959912,85.0,0.24414328955110412
somewhataffable,16.792606792959912,75.0,0.9442160791606862
away-unsteady,15.631685922964355,65.0,0.11899312407150651
immediately@unhappy,16.792606792959912,95.00000000000001,0.4560552839676208
previously.friskier,9.944610014248981,95.00000000000001,0.948785972175366
gravely@keenest,16.792606792959912,75.0,0.9529195981832861
presently-obnoxious,14.52274697948547,95.00000000000001,0.9534745825152798
unsuccessfully-calm,12.274506442507914,95.00000000000001,0.2441501337962115
wisely-midmost,16.792606792959912,70.0,0.9329515090602154
naturallywooden,14.52274697948547,75.0,0.45729940885201803
formerly@hither,14.877341121019755,75.0,0.4754103117416473
nightly.unpleasant,16.792606792959912,90.0,0.46155786811250227
namelysumptuous,16.792606792959912,75.0,0.4537016326367281
firmly-gray,11.700899681423781,55.00000000000001,0.47551696305078067
terribly-difficult,14.877341121019755,90.0,0.9257827328974307
perpetually-judicious,16.792606792959912,105.0,0.9534667501751446
incredibly.strong,12.193192140566063,85.0,0.9397562284097468
undoubtedly@tangled,16.792606792959912,95.00000000000001,0.4498004203008916
charmingly!older,16.792606792959912,80.0,0.47544878362988374
sublyme@willeby,16.792606792959912,75.0,0.23352213234986324
seldom!scrubby,16.899916157922362,70.0,0.24326985487979497
slightly-wordless,16.792606792959912,85.0,0.4599206147221054
tweedly-valuable,14.877341121019755,80.0,0.9506642419071024
well.visionary,14.288550047821596,70.0,0.24334895961113262
straight@transitional,9.256690979081734,105.0,0.9364652136858845
gracefully-transitory,14.877341121019755,105.0,0.9146531893477624
shinglywikky,16.930952626052857,60.0,0.9531271095313767
doubtfully!incessant,14.877341121019755,100.0,0.45986484963715957
unclasp-celestial,16.792606792959912,85.0,0.4587026604726874
till-terrible,13.479782962363432,65.0,0.9530019775337493
here!intertwined,8.909688641525884,80.0,0.914159007766175
namely!conceivable,11.526550792556172,90.0,0.23450704897522426
enoughsober,17.038261991015315,55.00000000000001,0.4498160635251965
wildlyfalse,16.792606792959912,55.00000000000001,0.9527771971588079
subsequently.rosy,16.792606792959912,85.0,0.2429317370799218
somewhat!agonised,16.792606792959912,85.0,0.45899883564188054
totallyutter,16.792606792959912,60.0,0.9297419585723553
finally!severe,9.611285120616019,70.0,0.45733340635912484
high-harder,9.712140514148352,55.00000000000001,0.9259512683515901
feebly!royal,14.877341121019755,60.0,0.2332579653553657
distinctly-still,12.171084071715706,80.0,0.952801741643132
entirely-moony,16.792606792959912,70.0,0.9403622630495048
naturally.merciful,14.52274697948547,90.0,0.0038048391867880416
slobaciously!keepest,11.500554397229472,100.0,0.45876166233676047
never!twitchy,17.082191948533826,65.0,0.9488537443418981
abroad!actual,16.792606792959912,65.0,0.9512420953700045
farther@obese,14.965019256297689,65.0,0.9175020527951475
slowly.jubilant,14.586962005466273,75.0,0.24404004354484987
jinglyvain,12.140085956442164,50.0,0.9202864911165667
becausedisgusting,13.971149833081608,85.0,0.23315105954694743
neatly!marble,14.877341121019755,65.0,0.9497873723254778
truly@gingerbread,16.792606792959912,85.0,0.9487847437659559
hardaffectionate,16.899916157922362,80.0,0.24417191125539775
grandly!smooth,17.320927626533628,70.0,0.23516465922001156
ladye.curious,12.569611373625003,65.0,0.943898375917444
regardlessuncommonly,14.877341121019755,100.0,0.4755842623914883
namely.pale,12.211349841311003,55.00000000000001,0.24191282616780005
quicklymortal,14.941556147000554,65.0,0.45727013458004595
best-sorry,15.12299631907516,50.0,0.4587669456519498
well@ceaseless,14.288550047821596,70.0,0.24332394128956897
gravelyunmanned,11.526550792556172,75.0,0.9298447807336587
chiefly!anxious,16.792606792959912,75.0,0.9297367873701698
tweelysmooth,17.320927626533628,60.0,0.9364106294070272
overheadstout,12.08642311580634,65.0,0.9355332052581165
anither!deemest,14.877341121019755,75.0,0.11324744987266905
presently!surprised,14.52274697948547,95.00000000000001,0.9534745825152704
instantly.charming,14.877341121019755,90.0,0.45369291904808784
dreadfully-mute,10.13958907493711,75.0,0.0152506261727299
together@rocky,14.566531611031063,70.0,0.4617059515361625
straight@particular,14.52274697948547,95.00000000000001,0.9260122204261285
below!drear,15.14645942837229,55.00000000000001,0.9504694086051512
lightly.proper,17.018630761330787,70.0,0.9513387114351203
beautifullyaghast,11.573282018051032,85.0,0.9506617982150035
whilkincessant,14.987543079642329,70.0,0.2452592245415656
nigh@thorough,17.233249491255695,65.0,0.9500070404546049
forthwithearly,17.038261991015315,70.0,0.45957465137519055
hurriedly!violet,10.082024766924569,80.0,0.9527865767697951
calmly!supple,14.877341121019755,65.0,0.4538331116107425
likewise!sleek,16.792606792959912,70.0,0.950533757512499
sublyme@beatrice,12.300493066272468,80.0,0.4615777382809493
nightly@forlorn,11.492192115470786,75.0,0.47545871808346307
homewardwary,11.526550792556172,60.0,0.4615405849134124
shovelywholesome,16.792606792959912,80.0,0.4589780002648595
here.slim,8.883692246199184,45.0,0.24326975115905689
indeed!gromboolian,17.459273459626576,90.0,0.9290411359655053
uneasilycoppery,16.792606792959912,75.0,0.4693127099730206
overhead-pelican,18.094903658162746,80.0,0.9506714510656201
thus@yellow,9.746667977862847,55.00000000000001,0.4756728193157906
alone!pluffskin,18.233249491255698,75.0,0.4540483573200565
almost-waesome,16.792606792959912,70.0,0.4596477805379142
whereforesanguinary,16.792606792959912,95.00000000000001,0.9507702927756032
ceaseless@pellucid,16.792606792959912,90.0,0.9154481447982366
naturally@crusty,14.52274697948547,80.0,0.45352244584437673
barely.twitchy,16.792606792959912,70.0,0.2334795099052455
especially-proud,14.877341121019755,80.0,0.4587544014515912
once-violet,10.087335418188273,55.00000000000001,0.9480912880981492
next!legged,14.185759260156697,55.00000000000001,0.4728655546396312
courteously@capricious,16.792606792959912,110.00000000000001,0.9400568539240142
incessantly!undying,16.792606792959912,95.00000000000001,0.9297386419767405
fartherchildish,14.965019256297689,75.0,0.45648383905213347
strownthin,11.928701734259171,50.0,0.940591876666691
rapidly.foreign,16.792606792959912,75.0,0.9297399774725366
soon!rocky,14.947842489417662,50.0,0.9523044892980209
soonqueenly,14.947842489417662,55.00000000000001,0.2441746260720308
waddlytowering,14.877341121019755,70.0,0.4573368756289924
newly!rural,16.792606792959912,55.00000000000001,0.45774865062395437
ceaselessloveliest,16.792606792959912,90.0,0.9154481447982287
forever@worth,12.388188080210599,65.0,0.461409607913045
heavily!excessive,17.125940126293244,85.0,0.2443656271184751
sometimes!convivial,14.877341121019755,95.00000000000001,0.003749807611235199
firmly.young,13.812341945658465,60.0,0.24521684865311466
shally@dressy,16.792606792959912,65.0,0.9425428000392689
totallyfoamy,16.792606792959912,60.0,0.4490493344995791
louder.moppsikon,16.792606792959912,80.0,0.45986576200010537
inside!noble,16.792606792959912,60.0,0.4598023311181388
alas@vacant,9.590015872714696,55.00000000000001,0.9352920352686491
stealthily!higher,10.256665660424956,85.0,0.9523538890167149
perhapssoftest,14.088160616444823,70.0,0.9528595011842739
courteously.holy,16.792606792959912,80.0,0.4615771364030876
lowly.joyful,16.792606792959912,60.0,0.9297389850763466
past@separate,17.084096498931956,65.0,0.456195906645929
back.boastful,15.125198620171341,65.0,0.9447190468465393
meanwhile-mucilaginous,16.792606792959912,110.00000000000001,0.9525624224221122
downstairs!broken,16.792606792959912,85.0,0.05989252384423797
likewise@upset,11.859875686189136,70.0,0.11348742759187072
perhaps.circular,14.088160616444823,80.0,0.4755283557802645
lightly.dear,12.212445796438264,60.0,0.46125362684198784
excessivelyseventh,16.792606792959912,90.0,0.0601934604234731
twicefiery,16.792606792959912,50.0,0.9405734780052645
pointedly!stunning,12.054863186429522,90.0,0.9446898208238901
whence!near,9.465264096011145,55.00000000000001,0.9490310128076703
finally!untied,9.944610014248981,70.0,0.9484707358222966
blindly-comfortable,16.792606792959912,95.00000000000001,0.47551025534833075
constantly-impossible,16.792606792959912,105.0,0.9529179075595973
strangely@twangum,16.792606792959912,85.0,0.4587641070891049
once!worsted,14.517769626089047,60.0,0.4616046053213768
happily!trustful,14.877341121019755,80.0,0.9529820806992794
dreadfully-amazing,10.13958907493711,90.0,0.9529163193024298
especially!fast,10.097021487025932,75.0,0.4587818467850224
insidedouble,11.96385818571518,60.0,0.23357324485813907
gracefully@unmannerly,9.611285120616019,105.0,0.11896083451230381
exactly!able,9.296536037957434,60.0,0.060193396755285206
visiblyafraid,11.695537899661659,65.0,0.9485415983651388
unpleasantly-unhappy,14.877341121019755,100.0,0.06047383333831719
still!highest,13.899531064461115,65.0,0.4694647517660133
thus.earlier,14.177094190645713,60.0,0.9481266036393419
deeply!renowned,16.792606792959912,75.0,0.9347759166411362
such@judicious,14.066194411252612,70.0,0.2430481756611007
lightly!calmer,11.998221519282081,70.0,0.9334650569589251
awhile!nautical,9.611285120616019,75.0,0.9530301196464597
there-cloxam,13.167825530109134,60.0,0.9364190748400809
aftercrimson,14.042731301955477,60.0,0.23356634903507284
apart@sleepless,17.320927626533628,75.0,0.24417602964847446
also@honest,16.792606792959912,55.00000000000001,0.9416425979497303
hoarselyaquatic,16.792606792959912,75.0,0.945018729393672
badly@fresh,16.792606792959912,55.00000000000001,0.46139692703793894
that.warm,7.494111071021847,45.0,0.24267254212733594
abominably-surprised,14.877341121019755,100.0,0.9452816085843101
unrestrainedly-cheap,9.585288725289317,100.0,0.9298474977752228
strown!nigh,11.595372296227378,55.00000000000001,0.9508645730397974
before.hind,14.566531611031063,55.00000000000001,0.9507708967471253
whilk.uncaring,14.987543079642329,70.0,0.2452495233694996
also.laudable,16.792606792959912,65.0,0.9506385686494695
consecutively.hasty,16.792606792959912,95.00000000000001,0.23445697146093863
considerably!cloxam,16.792606792959912,95.00000000000001,0.951220044575408
unrestrainedlyunlucky,14.877341121019755,105.0,0.24292211132514252
leastweary,12.967083786298465,50.0,0.9203267884144547
surely.surly,9.256690979081734,60.0,0.9450853728307369
asunder.unnatural,16.792606792959912,85.0,0.23446198828053622
pointedlyborascible,16.792606792959912,95.00000000000001,0.9146875740604262
soundly-spasmodic,11.526550792556172,85.0,0.2345232636003214
wide-pale,12.50904477333883,45.0,0.4599317369190338
deeply@dumb,12.4622935695546,55.00000000000001,0.9532479867316246
almost.calm,12.274506442507914,55.00000000000001,0.23352026785639896
alternately@steep,11.859875686189136,85.0,0.06019345505204615
neverwolfish,17.082191948533826,60.0,0.45370819646718896
simply.hasty,16.792606792959912,60.0,0.9334061605321489
unpleasantlymucilaginous,14.877341121019755,120.0,0.0018696147601206786
much.saddest,14.955496205565431,60.0,0.9531905306077462
’twas-profound,8.913069641088272,70.0,0.9266783741864731
possibly!past,11.775456031364417,65.0,0.9433875477800865
wheedlyevil,16.792606792959912,55.00000000000001,0.2335122808636361
commonlytender,16.792606792959912,70.0,0.9485453447852373
exactly-bald,14.32087641297566,60.0,0.9298766116810798
long.afloat,9.291143504937239,55.00000000000001,0.9529866526450683
home@lovelit,16.89246022024621,60.0,0.23680949646419114
there-tangled,13.167825530109134,65.0,0.23446294339748233
sweetly.passionate,16.792606792959912,90.0,1.4880143108254193e-05
about!greedy,14.50188935491623,60.0,0.9529528066173373
fortheclectic,14.951471928131904,65.0,0.9347427704380613
around@thirsty,14.482685355365742,70.0,0.45957847939178387
ryghte.weak,17.125940126293244,55.00000000000001,0.939856482867989
headlong@terrible,14.877341121019755,85.0,0.45605565450633373
grimly@clean,12.054854746877265,60.0,0.9416550131485397
wholly!square,11.526550792556172,65.0,0.2418256269021356
onward-free,12.028863237478301,55.00000000000001,0.23453505518533824
particularly.supreme,16.792606792959912,100.0,0.46000282148679
slobaciously!flagrant,16.792606792959912,105.0,0.4598791141570874
properly-bespangled,16.792606792959912,95.00000000000001,0.9531408125751513
here@waesome,14.17574464192962,60.0,0.941419912100816
cheaply!stern,12.300501505528516,65.0,0.950784161804844
namely-beloved,16.792606792959912,70.0,0.47714296492735464
hastily-leaden,16.792606792959912,70.0,0.11339616920835849
unsuccessfully-myriad,16.792606792959912,105.0,0.1132248941010731
concisely@triumphant,16.792606792959912,100.0,0.9525036144768293
upsidemindless,16.792606792959912,70.0,0.46161262412334986
accordingly!himmeltanious,16.792606792959912,125.00000000000001,0.4573039950668452
extremely@efficacious,9.320906005062533,105.0,0.2429247540243476
blindlyunflagging,16.792606792959912,85.0,0.2335546308312651
well@tiggory,14.288550047821596,60.0,0.23576361230662035
proudly-charming,16.792606792959912,80.0,0.24185481137416737
mutely@afloat,11.859875686189136,65.0,0.2435817329296409
matter.jumpy,16.792606792959912,60.0,0.9526849735040096
first!mellow,8.932736532982604,60.0,0.948912092952421
therefore.beautiful,10.692534129308426,95.00000000000001,0.46931793236002983
incidentallypitiful,16.792606792959912,95.00000000000001,0.4753267049146498
swiftlyscant,12.054854746877265,60.0,0.9453082427664907
sidewaysviewless,17.125940126293244,80.0,0.06047333828465424
guiltily!kind,12.117004677802123,65.0,0.9300155662807987
straight@separate,14.52274697948547,85.0,0.4491999614432844
away-despairing,15.631685922964355,75.0,0.9533649408591347
furthergood,12.198403934880062,55.00000000000001,0.45970354164380506
superficially!calamitous,16.792606792959912,120.0,0.23315883512576344
outsideunblenching,14.877341121019755,90.0,0.9355327511860502
often-genteel,9.944610014248981,65.0,0.46003484115216253
furthervarious,16.792606792959912,70.0,0.9203337282713824
because.narrow,13.971149833081608,70.0,0.11418481619944339
’twere!thirsty,14.877341121019755,70.0,0.9502759376301387
really.dearer,14.877341121019755,65.0,0.9290459474100614
instinctively!common,16.792606792959912,100.0,0.9487982981826057
slightly@meritorious,16.792606792959912,100.0,0.45978291180846803
properly-ghost,11.96298980913894,70.0,0.9205188157679574
wheedly-rude,11.500554397229472,60.0,0.9444402761263123
round.actual,14.96338967778126,60.0,0.24286074149172265
patiently-motley,16.792606792959912,80.0,0.11325580669711023
instead-crimson,15.317983819315545,75.0,0.45654839483025644
whereforetropical,16.792606792959912,85.0,0.9506712361030725
fast.hasty,15.051067813059193,50.0,0.4560744972692772
fourthly-untied,11.859875686189136,75.0,0.4533590213766087
therefore!perpendicular,9.944610014248981,115.0,0.9291528623974906
back!tight,10.015640311062024,50.0,0.9443345490041909
suddenly!neuralgia,16.792606792959912,90.0,0.06046616139548612
possibly@vain,11.945098456201784,65.0,0.45704473932557116
anew.devoid,16.792606792959912,55.00000000000001,0.24305301972376717
better-dearer,16.792606792959912,65.0,0.9364739575675368
forth!newest,14.951471928131904,60.0,0.9511264079170062
madly!youngest,16.987594293200296,70.0,0.951514935802643
homerandom,16.89246022024621,50.0,0.059582925292847526
becausewooden,13.971149833081608,65.0,0.4578124445410329
therefore-jumbly,15.479792761705625,80.0,0.46000269239905156
where-difficult,13.425220562359835,75.0,0.9254699879944734
cheaplyinconvenient,16.792606792959912,95.00000000000001,0.46946661200097456
especially@panted,14.877341121019755,85.0,0.9525508653044372
incessantly-quangle,18.279083999172343,95.00000000000001,0.45654615494152795
surreptitiously@legged,16.792606792959912,110.00000000000001,0.9349639836716869
nearly.vicious,16.987594293200296,70.0,0.9529597947000863
naturally@ploshkin,15.296723011114594,90.0,0.9260489109225943
somewhat@propitious,17.125940126293244,95.00000000000001,0.9298430577972874
high.coloured,14.44988412067874,65.0,0.46930846662299264
amiably-gross,16.792606792959912,65.0,0.12010802324581915
over.prepossessing,14.270034486141151,90.0,0.05961622325559673
pastpassé,17.084096498931956,45.0,0.951269271914489
midnightreverent,15.07232862126014,80.0,0.9146697393448951
then-selfish,13.183395950264117,60.0,0.9485502095634579
whilk!fidgety,14.987543079642329,65.0,0.9138882504689346
previously.moppsikon,14.877341121019755,100.0,0.9505912288588536
excessivelyshowy,16.792606792959912,80.0,0.9525027982103552
often!fearsome,14.877341121019755,70.0,0.11417701600277194
nevertheless@cheerful,14.877341121019755,105.0,0.9442524164548203
extremely@leaden,14.586962005466273,80.0,0.9300092062211475
bemblequick,17.038261991015315,55.00000000000001,0.9443204723021354
still@chickabee,13.899531064461115,75.0,0.4492141560142226
everywhere!despairing,16.792606792959912,105.0,0.4498201709585704
aptly-dolomphious,16.792606792959912,85.0,0.23352136036313692
undoubtedly@wary,11.526550792556172,80.0,0.45994910483718143
compactlyhomeward,16.792606792959912,85.0,0.4600264017769006
everywhere.odious,12.054854746877265,85.0,0.9364499029971297
strown.myriad,16.792606792959912,65.0,0.46155400104023786
remarkably@towering,16.792606792959912,95.00000000000001,0.9156546235853488
merely-chankly,15.600649454833858,70.0,0.014974849658106859
partly-mistaken,11.500554397229472,75.0,0.24194910686706
quite!serried,14.264572225911941,65.0,0.24281599994469907
beyond@lonely,16.987594293200292,65.0,0.4711890903243399
proudlytinged,16.987594293200296,65.0,0.9354831541464597
tweedly!willing,15.21067445435309,75.0,0.4729937906702337
downwards-graceful,16.792606792959912,90.0,0.2429251326491983
amiably!flighty,11.526550792556172,75.0,0.4754585758618048
pretty.leafy,14.52274697948547,60.0,0.4612591281566794
surreptitiously.original,16.792606792959912,120.0,0.9534522031813745
possibly.surprised,16.792606792959912,90.0,0.11901651568017454
nigh-common,17.233249491255695,55.00000000000001,0.12075593498599722
chiefly.alive,12.054854746877265,65.0,0.4693883800844215
terribly.clean,10.13958907493711,70.0,0.9504088284899911
i’ll@pleasant,9.73946316331809,65.0,0.9534392476523976
absolutely-fatter,16.792606792959912,85.0,0.9489504936337697
coldly-dear,12.074099963345317,55.00000000000001,0.9488488264010849
hastily.copious,16.792606792959912,75.0,0.23351413171668703
incautiously.meritorious,16.792606792959912,120.0,0.9439532191561584
sublymeloveliest,16.792606792959912,80.0,0.952923188532694
freelydrear,16.792606792959912,55.00000000000001,0.9433816286044235
sometimessurprised,14.877341121019755,90.0,0.4485678013924209
horriblychickabee,16.792606792959912,85.0,0.9450014555116345
guiltily!veriest,16.792606792959912,80.0,0.23445778076419282
dumblylaced,14.877341121019755,55.00000000000001,0.4563185316239367
unclasp-rash,16.792606792959912,60.0,0.4599422738738164
hurriedly-brief,14.512458974825345,75.0,0.9487850589135519
tweely@sweetest,16.792606792959912,75.0,0.0037685845901043423
ryghte!complicated,17.125940126293244,90.0,0.9505613930592991
belowblamble,15.14645942837229,60.0,0.47516030131479675
just-perverse,14.363305982501604,65.0,0.45897800254496396
best.heavenward,15.12299631907516,75.0,0.9206166436330065
remarkablyupsetting,16.792606792959912,95.00000000000001,0.9156546235853488
strown.solitary,16.792606792959912,75.0,0.9449987814724368
presently.light,9.541769088583665,75.0,0.9329473455345527
least!blamable,16.899916157922362,70.0,0.9505526416100669
gravely.yonghy,18.09490365816275,70.0,0.9447909548309168
alwaysploshkin,15.651317152648877,70.0,0.45279610149864313
rarely!plaintive,17.125940126293244,80.0,0.45647869795186147
certainly!loathly,16.843274490774927,85.0,0.9297350147555985
fourthly-worst,11.859875686189136,70.0,0.23325802907223442
finallylofty,15.21067445435309,60.0,0.9398098784861946
compactly.solitary,16.792606792959912,90.0,0.2344328000426208
truly.crumbobblious,16.792606792959912,95.00000000000001,0.9508917416757374
subsequentlynext,16.908581227433345,80.0,0.4588246287040566
continually!crude,9.054820412571923,85.0,0.9438237586603495
strown@cold,12.163387088266427,55.00000000000001,0.4615897804794538
deep-markable,14.38074676039708,65.0,0.952304491356404
needly!sour,9.92334920604803,55.00000000000001,0.9265429777317716
slightly-suggestive,16.792606792959912,95.00000000000001,0.45406368690715143
awaystill,11.010163201720149,45.0,0.06043104906621721
feebly!unblenching,14.877341121019755,90.0,0.9510655288781732
back@fearful,15.320186120411725,60.0,0.029407097473300323
longneuralgia,14.223874611708013,65.0,0.23315389099240438
alwayhalf,13.151877214685216,45.0,0.4573991987174543
doubtfully.unnatural,14.877341121019755,100.0,0.45986484963715957
abruptly.ploshkin,17.56658282458903,85.0,0.9257867459095337
sublyme@whatsoever,16.792606792959912,90.0,0.9522688002236261
stealthily!loving,14.856080312818804,85.0,0.9427495631589269
comfortablycapable,16.792606792959912,90.0,0.9500782850499307
inside-mutual,16.792606792959912,65.0,0.9438799330534503
reallybuttered,15.317983819315545,70.0,0.46180583857422614
newlyirish,16.792606792959912,50.0,0.23441282371232217
mainly.vain,10.029832784261627,55.00000000000001,0.9443322370628813
perfectly.showy,14.915833526826402,75.0,0.4588089088741574
whence.unique,14.40855454825359,65.0,0.9433749711408059
soon-slow,10.25822174566444,45.0,0.4573339845271545
tenderly-dead,12.074099963345317,65.0,0.4755281865330768
perfectlyvexed,15.003511662104337,70.0,0.4614910856454056
onwardabstemious,16.792606792959912,80.0,0.950741357082833
course@extreme,12.703329956663362,70.0,0.948557467795573
regardless.innocent,14.877341121019755,95.00000000000001,0.0009313181041370603
profoundlytrellised,16.792606792959912,95.00000000000001,0.4587577626313182
namelywily,11.526550792556172,50.0,0.4573251419715816
horribly!loveliest,16.792606792959912,90.0,0.4563060958077161
vividlystately,16.792606792959912,70.0,0.05989268871002
wearily!vicious,15.07232862126014,75.0,0.9527669498305704
beforegreedy,14.566531611031063,60.0,0.11325586438854518
wyll.sudden,16.792606792959912,55.00000000000001,0.2344608529402191
forth.toasted,15.14645942837229,65.0,0.01514103334049933
above@ripe,9.721478639538217,50.0,0.24431402503403316
wholly!odious,12.054854746877265,65.0,0.9529736721616767
more-stolen,14.38425698289447,55.00000000000001,0.9488563470908955
fast!tiny,15.051067813059193,45.0,0.1134500473312539
instead-affable,15.317983819315545,75.0,0.45654824548397055
directly!willing,17.233249491255695,80.0,0.9401348719939572
much@welcoming,9.689440205161691,70.0,0.9508712734031785
hitherto-much,12.60779980124858,65.0,0.12010218515365513
perhaps@high,9.369652236702834,60.0,0.9437958279191021
here!hard,14.283054006892076,45.0,0.014943710174101277
courteously@hearty,11.859875686189136,90.0,0.9260119798589763
twice!sick,16.930952626052857,50.0,0.9364943096170089
unclasp!tearful,16.792606792959912,75.0,0.4693129185916339
unpleasantly-vain,10.029832784261627,85.0,0.23349245560423665
more.ornamental,14.38425698289447,75.0,0.11415392299320289
shovely-valuable,16.792606792959912,80.0,0.458978000264
unclasp-incongruous,16.792606792959912,95.00000000000001,0.45648181929386017
alternately@passé,16.792606792959912,85.0,0.24187325691498374
whilk-several,14.987543079642329,65.0,0.9506946317270034
speedily!wonderful,16.792606792959912,90.0,0.9297354639137348
twicky.mere,14.877341121019755,55.00000000000001,0.9355331778467331
againghastly,15.544007787686423,60.0,0.9507892251211152
anithermatted,14.877341121019755,65.0,0.9206140515393869
anither.flimsie,14.877341121019755,75.0,0.11324800597888048
inkstanddangerous,16.987594293200292,85.0,0.9534726414623008
somewhat@strong,12.193192140566063,75.0,0.9260468072954803
slowlyrespective,9.654230898695495,80.0,0.9506709535171025
alack@fimble,15.21067445435309,60.0,0.4770499992396984
through!tearful,14.162864196202369,75.0,0.9507215662297841
concisely.meloobious,16.792606792959912,100.0,0.9525036144768293
fairly!obvious,16.792606792959912,70.0,0.9201257850289417
absolutelyexpansive,16.792606792959912,95.00000000000001,0.9397426308479816
threedly.uncouth,9.611285120616019,80.0,0.24269219936934747
aptlypolite,12.054854746877265,55.00000000000001,0.9300231700539203
there@exhaustive,13.167825530109134,80.0,0.24185477385403592
affectionately-globular,14.877341121019755,115.0,0.9300132694717027
feebly!dusky,14.877341121019755,60.0,0.9348657067042102
through!natural,14.162864196202369,75.0,0.950721431134334
overhead-gallant,17.320927626533628,80.0,0.9450210297423283
hurriedly!double,9.68371036758061,80.0,0.45736867645974943
jingly!dusty,16.987594293200292,60.0,0.9202414865602123
inside-scrubby,16.792606792959912,70.0,0.951517319259111
sideways-worth,12.388188080210599,70.0,0.9442778511695582
whereon-deep,9.39763862744943,60.0,0.47712315875796707
brightly!dressy,16.792606792959912,75.0,0.9507173808326946
apart@acquainted,17.320927626533628,80.0,0.9511008788396734
outright-semi,17.125940126293244,65.0,0.9146523979397737
overhead!inland,17.320927626533628,75.0,0.9508652010390457
slobaciously.squishy,11.526550792556172,100.0,0.9297267207007048
