newer.river,10.611226045823614,54.49615941425563,0.9264131743263613
brownyblend,9.256690979081734,54.49615941425563,0.45957162285085407
bewilderedglow,11.737842075010636,69.35874834541626,0.9206441339917693
true.woss,10.454764707525497,44.587766793481876,0.9329466693411939
serried!tobacco,16.792606792959912,74.31294465580312,0.939849219427669
softestapathy,11.526550792556172,64.40455203502938,0.06019322767529136
uncertainsqueeze,11.859875686189136,79.26714096619001,0.06046011529606989
many!shoulder,14.528039205224417,64.40455203502938,0.45877610281972786
crested@wilderness,11.492192115470786,89.17553358696375,0.9527863636415813
evil.stars,16.792606792959912,49.54196310386875,0.9522694782588532
unheard!spiders,15.21067445435309,74.31294465580312,0.9266010741894423
sweet.attention,14.93753186956703,74.31294465580312,0.9355377121783489
trustful!drinking,11.695537899661659,84.22133727657689,0.949988895355711
fishy!model,11.526550792556172,54.49615941425563,0.2344565611319517
soundest@raspberries,16.792606792959912,99.0839262077375,0.4611521398776318
further@string,12.054854746877265,69.35874834541626,0.45944352716193737
livelyprofile,9.732141813744253,64.40455203502938,0.4596293967176222
innumerable.reward,16.792606792959912,89.17553358696375,0.44922743053783887
white!melodies,15.179637986222595,69.35874834541626,0.45727009869234064
perversedeeds,16.792606792959912,64.40455203502938,0.4573283455746642
formerspan,11.721538292796554,49.54196310386875,0.9334226183566394
ugliest@yore,11.500554397229472,59.4503557246425,0.12011300470957857
abstract@note,10.13958907493711,64.40455203502938,0.9496617685529671
pink-wrekin,11.783220032747787,54.49615941425563,0.9502157799685214
last!showers,9.088425911644133,59.4503557246425,0.4528228039505629
afraid@singularis,11.721538292796554,84.22133727657689,0.9533611276423201
oracular-faith,11.859875686189136,69.35874834541626,0.4573715724026235
propitiousyesterday,12.193209019522468,94.12972989735063,0.9534665829819412
mucilaginous-squeaks,9.611285120616019,99.0839262077375,0.9531329057903354
galloobious-quack,11.488064878927528,84.22133727657689,0.951062937035136
foolish-cake,11.683048483850596,59.4503557246425,0.46153484797588085
slim.paper,17.125940126293244,49.54196310386875,0.4564786257380151
earlychariots,17.038261991015315,64.40455203502938,0.457281823456593
newest!mimic,16.792606792959912,59.4503557246425,0.23522173961935997
roast!ghost,12.101335642231886,54.49615941425563,0.1141947698695025
tropical-stile,16.792606792959912,69.35874834541626,0.9504266533180719
public!crowds,9.611285120616019,64.40455203502938,0.9507516464863301
delirious!bull,11.500554397229472,69.35874834541626,0.45277669433510254
spotty@mutton,16.792606792959912,64.40455203502938,0.9352359641152094
fullscenes,15.051067813059193,49.54196310386875,0.9442831564028559
veriest@skies,11.859875686189136,64.40455203502938,0.2437817583000965
bewildered@shreds,11.526550792556172,84.22133727657689,0.24415392997445826
calmyard,16.964131183903163,39.633570483095006,0.9400791950878882
barren-kettle,12.05486448483532,64.40455203502938,0.9524982705556057
dolorous@victim,12.054854746877265,74.31294465580312,0.9297367018447953
particular!marseilles,11.500554397229472,104.03812251812438,0.9352058173691988
solitary!porter,11.859875686189136,74.31294465580312,0.9261286591070115
several@channel,9.585288725289317,74.31294465580312,0.059608893464336385
interested@drops,12.102994044590453,79.26714096619001,0.9531329871251891
triflingcity,10.611268241363389,59.4503557246425,0.9530370339908928
unlucky-prayer,11.500554397229472,69.35874834541626,0.4616320289264911
oracular@process,12.300493066272468,79.26714096619001,0.9364875493723417
winsome-parents,12.054854746877265,74.31294465580312,0.46125805697908345
cloudy.jawe,16.792606792959912,54.49615941425563,0.45606464708853955
markable!bundle,16.792606792959912,74.31294465580312,0.11272984432784008
comfortable@jackdaws,11.526550792556172,99.0839262077375,0.06013152381047954
fierce.thumpy,11.526550792556172,64.40455203502938,0.0018901338206221852
careful.disclosure,16.792606792959912,89.17553358696375,0.9348742853352868
unknowing-stork,14.877341121019755,74.31294465580312,0.2444041964384766
nicest!spice,16.792606792959912,59.4503557246425,0.9529941540318018
unflaggingtemple,16.792606792959912,79.26714096619001,0.4695841986798348
umbrageous-alphabets,11.526550792556172,99.0839262077375,0.45881995454146945
untied.ryghte,17.125940126293244,64.40455203502938,0.45374463175963553
broad-assistance,16.792606792959912,79.26714096619001,0.45629006029544283
closer-kerchief,11.526550792556172,74.31294465580312,0.23452491835568767
proper@darling,16.987594293200296,69.35874834541626,0.950558671718574
brownydesert,14.52274697948547,59.4503557246425,0.9428480877381167
gracious-qualities,16.792606792959912,89.17553358696375,0.4756041880485238
unpleasinganimals,16.792606792959912,84.22133727657689,0.9453079132398069
formalechoes,16.987594293200296,59.4503557246425,0.2335667661695557
violet!lumber,9.344369114359667,64.40455203502938,0.914697968874911
lurid@beware,11.859875686189136,59.4503557246425,0.4751685399029643
courageous-thumping,16.792606792959912,94.12972989735063,0.23336567204755093
perplexing@burny,11.526550792556172,79.26714096619001,0.9156581171716017
tiny-swede,16.792606792959912,49.54196310386875,0.47551035352159154
gromboolian@science,17.320927626533628,94.12972989735063,0.24292398690754743
elegant!ponder,16.792606792959912,69.35874834541626,0.9405797040161339
forgotten@compunction,11.526550792556172,104.03812251812438,0.944412306546397
wolfish-toast,11.595372296227378,64.40455203502938,0.9506020746034941
happysnake,11.664896625649119,49.54196310386875,0.05986272448374235
borasciblenutriment,16.792606792959912,94.12972989735063,0.45992748007306
smallest-range,16.792606792959912,69.35874834541626,0.24335207791350733
meditativeharmony,16.792606792959912,84.22133727657689,0.4565269745199068
jumbly.newt,12.129002433242038,54.49615941425563,0.2441745923709162
waterproof-tree,11.703839293149828,74.31294465580312,0.9488610155623954
uglyproportions,14.877341121019755,74.31294465580312,0.45986031548108086
pink@plans,17.075272428478225,49.54196310386875,0.45269654123017017
camomile.bear,11.987664375504139,64.40455203502938,0.45398655314428243
particular!boss,17.459273459626576,74.31294465580312,0.9300147219945919
mendaciousbean,11.526550792556172,69.35874834541626,0.23537810447960333
vexed-vinegar,17.213618261571174,64.40455203502938,0.46938999355093763
loveliest@chimp,16.792606792959912,74.31294465580312,0.003770461447236101
absolute.grandfathers,16.792606792959912,104.03812251812438,0.950740732659458
harsh.wonder,11.859875686189136,59.4503557246425,0.952996379192402
funny.cavern,14.768402177540874,59.4503557246425,0.11210268802479624
innocuous@articles,16.792606792959912,89.17553358696375,0.9525589929638965
abstract@meat,14.877341121019755,64.40455203502938,0.11815419938491183
hush@quaker,9.718594485578473,54.49615941425563,0.24509110503257198
louder.future,16.792606792959912,64.40455203502938,0.2429318104495936
clammy@cellar,9.944610014248981,64.40455203502938,0.11836583899825387
cool@pictures,12.381827800496154,64.40455203502938,0.45715287956238093
tender!aspect,16.792606792959912,64.40455203502938,0.9433760067518985
royal@down,12.073823872371293,49.54196310386875,0.9206163936063887
thinner@west,12.08236617608379,59.4503557246425,0.4695857153933008
towering!infant,16.792606792959912,74.31294465580312,0.4693338576231611
negative.squat,11.526550792556172,69.35874834541626,0.4770999474504514
awarexerxes,11.873943900730294,54.49615941425563,0.06019318914523063
valuable-buns,9.611285120616019,64.40455203502938,0.44922522620654665
reverent!thunders,16.792606792959912,84.22133727657689,0.943375708564071
tiggory-sufferer,16.792606792959912,79.26714096619001,0.4695297524874494
obscureveil,11.630535329298825,54.49615941425563,0.11267797257095728
remarkable@heap,17.72839176697911,74.31294465580312,0.9528370462582637
crested.herring,16.792606792959912,74.31294465580312,0.45991588135184697
batedladies,12.054854746877265,54.49615941425563,0.2345284311661487
denser.testimonial,11.526550792556172,89.17553358696375,0.4565598672324056
crystal!spite,15.21067445435309,64.40455203502938,0.9334229414957118
virtuoussentence,9.611285120616019,79.26714096619001,0.45877737519615197
ripe-chill,11.500554397229472,49.54196310386875,0.9154879345494705
sincere.cascades,16.792606792959912,79.26714096619001,0.9529166552019842
literary.gruel,11.526550792556172,69.35874834541626,0.9509043651770114
lucky@settlement,16.792606792959912,79.26714096619001,0.9443836905394728
spotty.shores,16.792606792959912,64.40455203502938,0.060149027669253965
vexatious-fatigue,16.792606792959912,84.22133727657689,0.4754042544482373
favourite@recreation,11.526550792556172,99.0839262077375,0.9300092032346136
safe@ground,11.715414787180386,54.49615941425563,0.4613885390232115
similar@bottles,12.232966016378981,74.31294465580312,0.9505303308922823
broad@plain,11.700164449239326,54.49615941425563,0.23684264792029722
mannered!spell,16.792606792959912,69.35874834541626,0.23513137980123403
peculiar@patience,11.96385818571518,84.22133727657689,0.1189602953986221
renowned-rout,14.877341121019755,64.40455203502938,0.9505989926321925
faithful@shallott,11.526550792556172,84.22133727657689,0.46936513471314895
virulent@panic,17.125940126293244,69.35874834541626,0.4577485484614278
convivial-recreation,11.526550792556172,99.0839262077375,0.4754640963853616
idiotic.friend,11.683048483850596,69.35874834541626,0.23519984365918373
provoking!objects,16.930952626052857,84.22133727657689,0.9507325241410556
solidplague,11.526550792556172,54.49615941425563,0.9486332657434974
silkenhumber,11.695541897469854,59.4503557246425,0.23452339444882975
inconvenient-testimonial,11.526550792556172,118.900711449285,0.4539466383291243
highestfright,11.630535329298825,64.40455203502938,0.11365488702164514
round@thirst,9.662975000292134,59.4503557246425,0.47711611576902657
verysteward,14.063399646170431,54.49615941425563,0.45404863701739384
glorious.time,12.345598606570185,64.40455203502938,0.24192245072735158
hind-sighs,12.19320057997021,49.54196310386875,0.9291353004003822
nicewine,9.172789093619565,39.633570483095006,0.4692719390306908
gallant.buzz,12.193192140566063,59.4503557246425,0.45877250456329094
bespangledsofa,16.792606792959912,69.35874834541626,0.23351799859834074
divine-pairs,16.792606792959912,59.4503557246425,0.4528183771022613
bold-hoofs,16.792606792959912,49.54196310386875,0.46159538468132916
lone-sigh,11.573282018051032,44.587766793481876,0.060187937774228005
fathomless.cherry,16.930952626052857,84.22133727657689,0.9507543121550098
fathomless!sage,12.4622935695546,74.31294465580312,0.9297384743563285
showy@shine,11.833879734979645,54.49615941425563,0.4574350507365478
sweetest!inspection,11.859875686189136,94.12972989735063,0.9257833358403487
superincumbentrugs,17.125940126293244,89.17553358696375,0.45406338016122005
terrified!delay,11.859875686189136,74.31294465580312,0.24194899704715775
dumpyspectacle,14.877341121019755,69.35874834541626,0.94846679307783
dulcet!porringer,11.526550792556172,79.26714096619001,0.9500715300531302
ruderwoman,17.125940126293244,49.54196310386875,0.23536932789859458
elastic-screw,11.695537899661659,64.40455203502938,0.9364847461444837
crowded.glen,11.526550792556172,59.4503557246425,0.9528044104118863
trifling-break,15.12299631907516,69.35874834541626,0.9531483847725233
efficaciousdrawers,11.859875686189136,89.17553358696375,0.9291462404798974
wise@fairy,11.928703681906,49.54196310386875,0.948835902298968
steady.subjects,17.125940126293244,74.31294465580312,0.9433749661395646
selectremote,11.859875686189136,59.4503557246425,0.4487240345108349
inspector!bantam,9.611285120616019,79.26714096619001,0.11325625249662231
rarestgazers,16.792606792959912,59.4503557246425,0.9297324844365866
single-tract,14.877341121019755,59.4503557246425,0.9333680415957677
sudorific@wood,11.538580394290685,69.35874834541626,0.9505774349669147
innocuous.bawn,16.792606792959912,69.35874834541626,0.9515448863819757
strong!pecks,16.792606792959912,59.4503557246425,0.9205640397691192
bewildered@blessing,16.792606792959912,94.12972989735063,0.0018700048933187538
upset!form,12.266144574229289,49.54196310386875,0.9489970737078665
offensiveesquire,9.944610014248981,79.26714096619001,0.0037650960598323573
winsometransports,16.792606792959912,84.22133727657689,0.0002342843009473007
reluctantfountains,16.792606792959912,89.17553358696375,0.9528017084170377
vacantmutterings,16.792606792959912,79.26714096619001,0.11999402247516704
other@leghorn,9.079491715060238,64.40455203502938,0.45994183023441265
upward-mysteries,11.526550792556172,79.26714096619001,0.9146685673308148
mostpewter,14.586962005466273,49.54196310386875,0.953128264081949
roastbottlephorkia,16.930952626052857,89.17553358696375,0.9446661118023092
slippery!heaving,16.792606792959912,79.26714096619001,0.060193412618939804
bountifulzest,16.792606792959912,64.40455203502938,0.4526555626000986
futile.dying,12.418822247324478,59.4503557246425,0.4771056739936614
accustomed-accomplishment,14.877341121019755,123.85490775967187,0.2334472079399708
chankly.gargle,12.19321745922284,69.35874834541626,0.9505810044048308
separate.sago,16.792606792959912,64.40455203502938,0.9506385221321938
tinged.housy,11.721538292796554,59.4503557246425,0.9334150018742008
deliriousnullahs,16.792606792959912,79.26714096619001,0.4492252045790847
complacentterrace,17.125940126293244,84.22133727657689,0.930020073028976
plumdomphious-care,10.208409929252477,89.17553358696375,0.952705207672647
idiotic.journey,11.526550792556172,74.31294465580312,0.9300166353680794
offensive@chairs,10.277943347582314,79.26714096619001,0.9510936423513691
snug@school,11.737842075010636,54.49615941425563,0.9507053107665693
lithe.affection,16.792606792959912,74.31294465580312,0.45654836056307113
plaintive!twinkling,17.125940126293244,94.12972989735063,0.9523242233412806
silentsands,9.657119628532664,54.49615941425563,0.9265836750681454
agonised!thousands,16.987594293200296,89.17553358696375,0.951046633436057
sharp.cayenne,12.193209019522468,64.40455203502938,0.24440240048770562
stupendous-spickle,14.877341121019755,89.17553358696375,0.4599156459976038
unlucky-dream,12.071164931484054,64.40455203502938,0.4586831505719883
arctic!lessons,14.877341121019755,69.35874834541626,0.9204532268000258
public!fall,10.013432167049027,54.49615941425563,0.44917966510832513
nonsense-stores,14.32087641297566,74.31294465580312,0.9531128217245672
tenderestrails,16.792606792959912,69.35874834541626,0.9504577762948307
afraidsally,11.721538292796554,54.49615941425563,0.45396124282194666
silvery-wave,11.883147591570129,59.4503557246425,0.2443076440554372
toasted!stiles,9.806272620856403,69.35874834541626,0.9529882383869573
duskyskill,12.193192140566063,49.54196310386875,0.0598924254363893
abjectparchment,16.792606792959912,74.31294465580312,0.0009354152107842261
heavenward@plumpskin,17.56658282458903,99.0839262077375,0.9450174711073003
impressive@theme,11.859875686189136,79.26714096619001,0.11951413965382489
couldst-apes,16.792606792959912,59.4503557246425,0.9534684976134512
uneasyspectre,12.462285130594742,64.40455203502938,0.950554995034244
solitary.carrier,11.526550792556172,79.26714096619001,0.9489503552415721
violet!researchers,14.610425114763403,89.17553358696375,0.9529267540718265
jiska.screams,16.792606792959912,64.40455203502938,0.9533723254011967
free!winking,11.695541897469854,59.4503557246425,0.948228903278232
worse!penny,10.38524427299251,54.49615941425563,0.9488863383859495
flagrant-pocket,16.792606792959912,74.31294465580312,0.47558963984738334
calamitous-remark,11.630535329298825,84.22133727657689,0.9294349287844877
abstemiousstate,11.75717734331592,74.31294465580312,0.4594224076321697
literary!hinges,11.500554397229472,74.31294465580312,0.0037948000731179775
main.chatter,17.320927626533628,59.4503557246425,0.05989448210476103
clammy.treatment,14.877341121019755,79.26714096619001,0.0038048233682518033
domestic.stop,11.998221519282081,64.40455203502938,0.11325179891518883
sweetest-frog,12.102990046881956,64.40455203502938,0.4695280912258211
tyll@bosoms,14.877341121019755,54.49615941425563,0.9507415653671456
regular@dolorum,16.792606792959912,74.31294465580312,0.2429316821565542
nice-acrostic,14.139878295527287,64.40455203502938,0.4560750325779366
batedvalentines,11.526550792556172,74.31294465580312,0.45572286805101503
leaden-raspberry,16.792606792959912,79.26714096619001,0.4565252808511479
excessive.crag,16.792606792959912,69.35874834541626,0.9403852820738827
lacedfatigue,16.792606792959912,59.4503557246425,0.9355328824478061
hushed@brow,11.547023878912157,54.49615941425563,0.44973725648129376
unflaggingvillas,16.792606792959912,79.26714096619001,0.46958419769220255
wanton-piggy,16.792606792959912,59.4503557246425,0.24327303609483283
fifteenth@floppy,15.738995287926807,79.26714096619001,0.1132387796021913
surly-eventide,11.695537899661659,69.35874834541626,0.9447321647236858
abjectingredients,16.792606792959912,84.22133727657689,0.11265329942434993
trackless!waste,12.054854746877265,74.31294465580312,0.2335223641086704
stout!chair,12.38294992140444,54.49615941425563,0.45278397357424366
tendermoonlight,16.987594293200296,74.31294465580312,0.11950173830413043
thick@pixy,16.987594293200292,49.54196310386875,0.45260379444582727
innumerable.forevermore,11.526550792556172,113.94651513889814,0.9500475317189611
dreamy@devonshire,16.792606792959912,84.22133727657689,0.06017809383600424
starlike.brink,16.792606792959912,69.35874834541626,0.24282987444351836
immoderate-shakspeare,16.792606792959912,104.03812251812438,0.9294360297992106
elderly.humans,16.792606792959912,69.35874834541626,0.9405338350950141
motionless-look,12.733978336985864,74.31294465580312,0.003795474428040669
uncertain@nutcrackers,16.792606792959912,104.03812251812438,0.4589855735845562
unintelligible-cloth,11.833879734979645,99.0839262077375,0.9446662549407481
interesting-whizz,11.526550792556172,84.22133727657689,0.24291389866065596
largenought,14.589183248893274,54.49615941425563,0.9510748382640353
flighty.boards,14.877341121019755,69.35874834541626,0.4594224533877395
dusty-ones,16.792606792959912,49.54196310386875,0.926644670690615
athirst.readers,16.792606792959912,74.31294465580312,0.9528040299103964
couldst@lavender,16.987594293200296,79.26714096619001,0.4599217763173246
eldest!lesson,17.320927626533628,64.40455203502938,0.2427186380893413
literary@surds,11.526550792556172,69.35874834541626,0.9507357976151387
perfect@satin,11.859875686189136,64.40455203502938,0.950248792137025
back!goosey,9.859142619767603,54.49615941425563,0.4487225772907722
sore!gathering,16.930952626052857,69.35874834541626,0.05989085845898257
attentive@negus,11.526550792556172,74.31294465580312,0.9300167215962711
unlikelystool,16.987594293200296,64.40455203502938,0.9447915388731444
hateful.sinks,16.930952626052857,64.40455203502938,0.2440947517017345
annoyed@poetry,16.792606792959912,69.35874834541626,0.459634484648689
steady!coat,11.891435615565957,54.49615941425563,0.12001227504918546
sunken-moses,16.792606792959912,59.4503557246425,0.12070737871456126
bald.pancakes,16.792606792959912,64.40455203502938,0.9439929498661631
odious-prize,16.792606792959912,59.4503557246425,0.45769722325025897
eager.tomb,11.859875686189136,49.54196310386875,0.9447544360699389
aghast@liar,12.054871626129888,54.49615941425563,0.1126769426179629
scant!baboon,11.859875686189136,59.4503557246425,0.46124283037800684
worsecordiality,9.856940318671422,74.31294465580312,0.932945727177701
dismal-chace,16.792606792959912,59.4503557246425,0.06042904169794229
feathery-gloom,11.678957687923663,69.35874834541626,0.014813450793351921
abstemious-labors,16.792606792959912,84.22133727657689,0.9439014916223913
purevallies,16.792606792959912,54.49615941425563,0.9488332435267458
transitional-goat,11.492192115470786,84.22133727657689,0.001891779926884596
verdant-ascent,11.526550792556172,69.35874834541626,0.06047255895429493
doubtful@pies,11.890525399902042,64.40455203502938,0.9265848083035277
responsible.marble,16.792606792959912,89.17553358696375,0.9528859539279175
bound-stoppers,15.015686954112704,69.35874834541626,0.452528343565725
aimless!oddgrow,16.792606792959912,74.31294465580312,0.9499937961410013
perplexingrange,16.792606792959912,74.31294465580312,0.9527763202988051
crafty.gallons,14.877341121019755,69.35874834541626,0.45265943159415123
readyprostration,11.590765818536967,79.26714096619001,0.46152105592148324
fairer!hatchet,11.500554397229472,69.35874834541626,0.9202894354194937
moveless@mutterings,16.792606792959912,94.12972989735063,0.9450173877410394
illusive!jobiska,16.930952626052857,79.26714096619001,0.23440887448810624
leafy.teeth,16.792606792959912,54.49615941425563,0.47291744560969917
shutbachelor,16.792606792959912,59.4503557246425,0.9260498037861469
nosedcoronal,17.125940126293244,59.4503557246425,0.9506574978919414
unfortunatepositions,16.792606792959912,99.0839262077375,0.4693812131629355
spacious.snow,16.792606792959912,64.40455203502938,0.9300144693389912
dead!injunction,9.778785234125746,74.31294465580312,0.9447755169675824
national!union,17.125940126293244,69.35874834541626,0.11364889306499262
subtlest!bees,11.859875686189136,64.40455203502938,0.1195526672413442
unsteady.sarpint,16.792606792959912,79.26714096619001,0.9525861858258805
broken-sight,11.72691568707517,59.4503557246425,0.9297326199990776
bumpy-drilling,16.792606792959912,69.35874834541626,0.23452742291206555
grey-fleecye,16.792606792959912,59.4503557246425,0.12078585670533072
giganticscreen,16.792606792959912,69.35874834541626,0.015306380589096674
fairisharms,11.526550792556172,54.49615941425563,0.9452922547366678
weary-tract,16.856821818940706,54.49615941425563,0.4577492103841353
mental!buzz,12.193192140566063,54.49615941425563,0.4564739245358168
thankful@swans,16.792606792959912,69.35874834541626,0.9504434099096122
blankexistence,16.792606792959912,69.35874834541626,0.23452678055275997
best-wreath,10.718560727665647,54.49615941425563,0.06046656752137541
peaceful!death,12.086406379391626,69.35874834541626,0.9504109536369478
browny!gray,9.431039867949341,54.49615941425563,0.12072794737760291
brave.chairs,12.193209019522468,59.4503557246425,0.9522519222344994
unaided.rosewood,12.028871232994993,79.26714096619001,0.11901804145316446
unexpected.mince,12.054854746877265,79.26714096619001,0.45882017483911836
waterproof!cookery,11.630535329298825,89.17553358696375,0.4754463351567566
loudflashes,16.987594293200292,54.49615941425563,0.44970552529864605
deadly@glee,11.500554397229472,54.49615941425563,0.9443226095449339
nearerglimpses,16.792606792959912,69.35874834541626,0.47704664863869717
thirsty-parleying,11.526550792556172,84.22133727657689,0.23452473797999526
rugged.alarm,11.859875686189136,59.4503557246425,0.9202865438621629
nosed@sunset,17.125940126293244,59.4503557246425,0.4598730752550095
stern!tongue,17.094903658162746,59.4503557246425,0.9146697167385327
handygulls,16.792606792959912,49.54196310386875,0.9490083490018885
quangle@newspapers,15.665602847704442,89.17553358696375,0.2418567801555688
very.being,9.72109419673423,49.54196310386875,0.9327936814556216
deaf@present,11.82551759105219,59.4503557246425,0.451082571539465
serene.dungeons,17.038261991015315,74.31294465580312,0.46002646975950545
surprised.letters,16.792606792959912,84.22133727657689,0.9433657196703596
fatter-moon,11.642529830564968,54.49615941425563,0.9531377046346744
happier@shroud,11.526550792556172,69.35874834541626,0.11416306494378717
leetle-spoonifolia,11.526550792556172,89.17553358696375,0.943387545854775
midmost@behold,11.941189099942099,69.35874834541626,0.9203351718975267
mellow@suet,11.526550792556172,54.49615941425563,0.4564771058195495
free@ruffian,16.987594293200292,59.4503557246425,0.12094072931992017
careful@scene,11.492192115470786,64.40455203502938,0.2359982186764677
wise@plenty,17.038261991015315,54.49615941425563,0.950646558465218
tenderest-snail,11.859875686189136,74.31294465580312,0.24194909145576987
right!story,15.136543647240941,54.49615941425563,0.9202393156150672
pitiful@stockings,16.792606792959912,84.22133727657689,0.943376131487758
coppery@point,16.987594293200296,64.40455203502938,0.24524509827162566
veal.excuse,11.921557870257576,54.49615941425563,0.9202865312090835
prepossessing.figs,11.695537899661659,89.17553358696375,0.9297317390531574
delirious@seeze,16.792606792959912,74.31294465580312,0.9347756464254164
conspicuous-heap,17.72839176697911,79.26714096619001,0.45398129598723674
human@trolls,16.792606792959912,59.4503557246425,0.9300159728776745
mutual-diddle,16.792606792959912,64.40455203502938,0.94385755715513
bluebottle.magic,16.792606792959912,79.26714096619001,0.9487726537604062
back-evenings,15.125198620171341,64.40455203502938,0.46953681994512975
gentle-effort,16.856821818940706,64.40455203502938,0.9291666264510263
distressing!storm,11.711624750794249,84.22133727657689,0.9147000840355927
thick.plates,16.987594293200292,59.4503557246425,0.12010568959409591
unlucky!dean,11.500554397229472,59.4503557246425,0.24432501642432292
desperate.travellers,16.987594293200296,99.0839262077375,0.24291390185334225
obnoxious!kerchief,11.526550792556172,89.17553358696375,0.9300192380497017
thorough-wigs,9.611285120616019,64.40455203502938,0.24436524544238264
sore@outskirts,16.792606792959912,69.35874834541626,0.2427314621667526
fasttruthfulness,15.051067813059193,79.26714096619001,0.4586947779186827
calicostint,14.17912564149201,54.49615941425563,0.23520525106124138
drunk@dogs,12.300501505528516,49.54196310386875,0.9515387170281856
pink@nothingness,17.075272428478225,79.26714096619001,0.9260130359480874
earlierclash,11.526550792556172,59.4503557246425,0.9499867971557318
fimble@sieve,12.24442680102169,59.4503557246425,0.24417888879132163
blind-birds,17.125940126293244,54.49615941425563,0.11345194997938506
copperypause,16.792606792959912,59.4503557246425,0.4755103777161685
unheeded!coronal,14.877341121019755,79.26714096619001,0.9444180345210457
profuse!puppy,11.526550792556172,64.40455203502938,0.9297328259511329
curly@breezes,16.792606792959912,64.40455203502938,0.060672770798436505
worstedbouquet,11.859875686189136,69.35874834541626,0.2430501760684694
crudetables,16.792606792959912,54.49615941425563,0.9500836232135323
trustfuldevotion,16.792606792959912,79.26714096619001,0.2345291298828614
tiny-heart,12.283489619960752,49.54196310386875,0.4695842091244467
blind.fibre,16.792606792959912,54.49615941425563,0.4526797692272726
complacent.plan,11.526550792556172,74.31294465580312,0.47549525183138586
scornfulinfection,11.526550792556172,84.22133727657689,0.1126771349835815
verdant.board,16.792606792959912,64.40455203502938,0.9297384149632199
simple!stuff,11.48560543295546,59.4503557246425,0.11323058889367422
sufficient!gold,12.016370131421292,74.31294465580312,0.9524985115711854
flagrantvisage,16.792606792959912,69.35874834541626,0.9203260468071192
passionatestarch,11.859875686189136,79.26714096619001,0.9453014392115279
buttered.deeds,17.233249491255695,69.35874834541626,0.9405088478068561
boundless.lair,11.526550792556172,69.35874834541626,0.23452841608195737
worth-cups,16.792606792959912,49.54196310386875,0.9513399057913312
mysterious-afar,11.526550792556172,74.31294465580312,0.05960988410507153
cautious!nutriment,16.792606792959912,89.17553358696375,0.9525437188099419
young.laughter,10.100190956779675,69.35874834541626,0.9265782860585409
galloobious@cascades,16.792606792959912,99.0839262077375,0.23346099546681032
scarce-maxim,14.52274697948547,59.4503557246425,0.9261187211935623
whole@grief,12.526517034643346,54.49615941425563,0.23580641983707032
impossible!window,16.792606792959912,84.22133727657689,0.46930863086110686
saddest-drop,12.028859239769806,59.4503557246425,0.4615463655919086
rattlesnake-zinc,9.572799206987371,79.26714096619001,0.9400461753628485
grassy!height,11.630535329298825,64.40455203502938,0.449787962739724
peaceful@pine,16.792606792959912,64.40455203502938,0.4569237742575962
incessant-apathy,9.611285120616019,79.26714096619001,0.11325646427549248
eloquent!courtesy,16.792606792959912,84.22133727657689,0.24292418919911246
next-showers,8.919703259752957,59.4503557246425,0.11364891086883533
uncombed@creaking,9.611285120616019,84.22133727657689,0.9443283099933487
softest@familiars,11.526550792556172,84.22133727657689,0.45370611655110604
constant@artery,11.526550792556172,74.31294465580312,0.4754954602817104
rapt-phases,11.526550792556172,54.49615941425563,0.9509166144083127
certain.adherence,16.792606792959912,84.22133727657689,0.4498199977510197
inferiorfathers,16.792606792959912,74.31294465580312,0.9453105555920759
suggestive@thorns,14.877341121019755,84.22133727657689,0.9297283009947551
unmanned@helm,16.792606792959912,64.40455203502938,0.45645784767600145
close@trick,9.718594485578473,54.49615941425563,0.9507409793071758
obese.grott,11.526550792556172,54.49615941425563,0.9515144117983662
invidious!hovels,16.792606792959912,79.26714096619001,0.24185682232385403
ferocious.calls,9.944610014248981,74.31294465580312,0.9404397013054767
vexedzone,11.614228927834104,44.587766793481876,0.4614851193206543
delusive.countrie,11.492192115470786,84.22133727657689,0.05954396516813904
keen-trimming,16.792606792959912,64.40455203502938,0.4615486746551449
nursypink,9.96276641686506,44.587766793481876,0.1136106067496753
savage.hues,17.125940126293244,54.49615941425563,0.9506280667578538
lonelysprite,9.76778281191044,59.4503557246425,0.9402811970168752
tired.buns,11.688359734946253,49.54196310386875,0.4616726985117923
supreme-oatmeal,14.877341121019755,74.31294465580312,0.4564766828918949
ungracious-woollen,16.792606792959912,89.17553358696375,0.9506908202317527
worldly@embers,17.125940126293244,69.35874834541626,0.9528560307072643
splendid!jigs,16.792606792959912,64.40455203502938,0.9156616688967433
propitious-daddy,18.061725100312447,79.26714096619001,0.9488440926349417
obvious.frock,16.792606792959912,64.40455203502938,0.9487968605556808
plumdomphious-books,10.277926468625905,94.12972989735063,0.9529160425967722
unblenchinggooseberries,16.792606792959912,113.94651513889814,0.11901804409793204
dusky.stripe,16.792606792959912,59.4503557246425,0.9499064619446603
fashioned!nutritiosa,11.526550792556172,99.0839262077375,0.952701494543835
wikkywindow,15.015686954112704,54.49615941425563,0.9297388008588428
select.fluid,16.792606792959912,59.4503557246425,0.9528589246313945
undoubted-patience,11.96385818571518,89.17553358696375,0.461148296422863
wholesale.saucepan,16.792606792959912,89.17553358696375,0.9398282229562789
single-station,9.71526965735867,69.35874834541626,0.9364484514026997
exempt@garment,16.792606792959912,69.35874834541626,0.9404486625646804
troubled.circle,11.859875686189136,74.31294465580312,0.44911546357068477
highest@geese,11.984794622562472,64.40455203502938,0.029719496788730385
safe!object,16.792606792959912,54.49615941425563,0.9530904705728382
tumultuous!blare,9.611285120616019,79.26714096619001,0.4755153173779775
lithedressing,17.125940126293244,64.40455203502938,0.2353570741574382
surprised-goodness,16.792606792959912,89.17553358696375,0.45569927721657605
earnest!corkscrew,16.792606792959912,84.22133727657689,0.24436125901809416
simultaneous@uneaten,16.792606792959912,99.0839262077375,0.9443180115704821
uncertain!plumes,11.526550792556172,79.26714096619001,0.9398068107085297
slight!rhymes,17.125940126293244,64.40455203502938,0.9449731817065019
larger-salads,11.526550792556172,64.40455203502938,0.4586061299025789
perpendicularsolace,14.877341121019755,94.12972989735063,0.9443026212986175
false!jodd,11.500554397229472,49.54196310386875,0.01503412322361693
calico-imitation,14.17912564149201,79.26714096619001,0.4492077320447905
gold-surface,15.015686954112704,59.4503557246425,0.4730058702752022
earnestabstract,16.792606792959912,74.31294465580312,0.9438831796010501
mouthed.feeling,11.859875686189136,74.31294465580312,0.9438982363855667
primaeval@reciting,11.526550792556172,89.17553358696375,0.9529165863339449
warm.seaman,17.26428595938619,54.49615941425563,0.45398804227011663
coppery@replies,11.500554397229472,74.31294465580312,0.47549550212242786
troubled-glamour,16.792606792959912,79.26714096619001,0.9291618217069704
roman.tongs,12.223834747084096,54.49615941425563,0.9447355157090441
respective@pant,11.859875686189136,74.31294465580312,0.45993086301658737
blamble.hills,12.300509944932665,64.40455203502938,0.11266095526385625
wantonbrute,12.054854746877265,54.49615941425563,0.2441747564017453
simplecraze,11.526550792556172,54.49615941425563,0.9511015685087001
perpetual!lore,11.695537899661659,69.35874834541626,0.948948355406561
ornamental@communications,16.792606792959912,123.85490775967187,0.9488381842879163
distressing.wife,12.020499852862615,79.26714096619001,0.2418548281478279
happy!coat,11.696448115325568,49.54196310386875,0.9266006466505876
less.truth,10.512376648262487,49.54196310386875,0.4483225006594357
pleased@ripples,17.00508343316501,74.31294465580312,0.24324808517181468
broken!ware,11.526550792556172,54.49615941425563,0.9512293759578679
smooth.light,12.33994973563182,59.4503557246425,0.9398098723354583
crowded.feeling,11.859875686189136,74.31294465580312,0.2418261373454673
comely.bree,11.500554397229472,54.49615941425563,0.4538640347446841
judicious.whiskers,12.054854746877265,89.17553358696375,0.9506057921844023
undergroundbenefit,16.792606792959912,89.17553358696375,0.00047211687239462997
awful!jacket,11.57721849037119,59.4503557246425,0.2450875677834771
comfortable-wizard,16.792606792959912,89.17553358696375,0.9500782850499231
magnificentboxes,11.695537899661659,79.26714096619001,0.23324735409697442
ordinary@ships,16.792606792959912,69.35874834541626,0.9333145434523612
melancholy@stiles,11.721538292796554,84.22133727657689,0.9438176268093121
tumultuous@slim,9.585288725289317,74.31294465580312,0.9528638216805323
motleyeyelashes,16.792606792959912,74.31294465580312,0.9146697548135118
heavywhiz,11.526550792556172,44.587766793481876,0.9490041689687487
runciblenerve,15.015686954112704,64.40455203502938,0.9482254075241386
panted@courtier,11.526550792556172,74.31294465580312,0.24194857377404078
weak.mousy,16.792606792959912,49.54196310386875,0.11950747822418901
affectionate-material,16.792606792959912,104.03812251812438,0.05986717303255211
nutritiousgift,16.792606792959912,69.35874834541626,0.4770985368732936
unbeguiled-hook,11.859875686189136,74.31294465580312,0.12010748426592138
excitinggeography,16.792606792959912,84.22133727657689,0.2427186795797605
accustomed!seat,9.611285120616019,74.31294465580312,0.9530014806022331
legged@chuprassies,16.792606792959912,89.17553358696375,0.9512312243672374
immense@lights,12.10300204010714,69.35874834541626,0.4513879280516473
orbicularquicken,9.611285120616019,79.26714096619001,0.9400836700416705
onlyterminus,8.937241468474097,59.4503557246425,0.11324281290890781
gratefultide,11.647411274985815,59.4503557246425,0.4693179412691293
circular!spring,10.13958907493711,74.31294465580312,0.9442614682709832
odious-events,16.792606792959912,64.40455203502938,0.4487295001557697
fevered.smarting,11.664896625649119,79.26714096619001,0.4694677211102419
heavy.foaming,16.792606792959912,64.40455203502938,0.4598558309168794
twilightsweep,12.193192140566063,64.40455203502938,0.015249771864558928
simultaneous-sense,11.821390421657782,89.17553358696375,0.4693900618601632
hummy-cupful,16.792606792959912,59.4503557246425,0.9512394012798728
insect-piffkin,16.792606792959912,69.35874834541626,0.9513110518232369
aimless-helm,16.792606792959912,59.4503557246425,0.23346368362956482
lowestseraph,16.792606792959912,59.4503557246425,0.9524787095830523
brief.hearth,16.792606792959912,59.4503557246425,0.9452913907207062
meritorious.cannes,11.500554397229472,89.17553358696375,0.9257845028480863
patient-beggar,16.792606792959912,69.35874834541626,0.4576975255956853
purpledicularcellar,11.859875686189136,94.12972989735063,0.0004718544476662712
coldtwin,15.142829989658045,39.633570483095006,0.4693807534801739
angry@wall,9.40651002374103,49.54196310386875,0.24326879124677694
sullen-paradise,9.585288725289317,74.31294465580312,0.06019613928030269
gray.clover,12.006741656351497,54.49615941425563,0.2432516328372687
nobler!surds,11.526550792556172,59.4503557246425,0.24327303773262998
ghastly@friendship,16.792606792959912,89.17553358696375,0.24293186277511963
confidential!jugular,16.792606792959912,99.0839262077375,0.9525588583036246
happiest.delusion,11.526550792556172,84.22133727657689,0.950595227665181
white.imitation,15.179637986222595,74.31294465580312,0.9506947212764736
handy!sweets,17.125940126293244,59.4503557246425,0.951239365078753
particular@pounds,16.987594293200296,84.22133727657689,0.9529836997204572
purpledicular!puppet,16.792606792959912,99.0839262077375,0.45591903715166515
wholesalecantab,11.500554397229472,74.31294465580312,0.9529890680385968
dainty!respect,12.054854746877265,69.35874834541626,0.9482251647476143
alien.meerschaum,16.792606792959912,79.26714096619001,0.44872621983857863
triflingcountrie,9.57692644353063,79.26714096619001,0.4616791720168942
fifteenth.purposes,14.877341121019755,89.17553358696375,0.9433378097397118
grisly.waste,12.054854746877265,59.4503557246425,0.46147468155459764
afraid!lark,11.890525399902042,54.49615941425563,0.9260090966885097
useful@frying,14.459222246068606,64.40455203502938,0.9504595268988937
hoary@water,12.149461208703466,54.49615941425563,0.9514097779212037
loving!renown,11.526550792556172,64.40455203502938,0.4560750291677476
ocean-lack,16.987594293200292,49.54196310386875,0.4596289576727169
supreme!half,10.903278209411729,59.4503557246425,0.45992287438868373
galloobious.throats,16.792606792959912,94.12972989735063,0.47505568927451847
favourite!victims,16.792606792959912,84.22133727657689,0.4615220122936689
winsome@lark,11.695537899661659,59.4503557246425,0.46953653841339366
liddeddate,11.526550792556172,49.54196310386875,0.9447611437760048
awake-nothingness,16.792606792959912,84.22133727657689,0.944404427571688
next!zikky,14.185759260156697,49.54196310386875,0.939756037181944
neuralgiadining,16.792606792959912,74.31294465580312,0.929412962847257
surprisingimagining,11.526550792556172,94.12972989735063,0.46946728509172875
slight-claret,16.792606792959912,64.40455203502938,0.45876137494570685
pitiless!ocean,11.82551759105219,69.35874834541626,0.9505587899528745
dusty!heat,11.500554397229472,49.54196310386875,0.24508645701331588
distinguishedyeast,11.526550792556172,89.17553358696375,0.23334214126712446
scared!language,12.249842247117648,74.31294465580312,0.948818277658747
insect-twirly,16.792606792959912,64.40455203502938,0.9487725563582818
undeveloped-vallies,14.877341121019755,94.12972989735063,0.4754042583792504
mannered-ether,16.792606792959912,69.35874834541626,0.23535708304486352
stainless.chertsey,11.500554397229472,89.17553358696375,0.4615464975549139
oracularunion,17.125940126293244,64.40455203502938,0.4528257616275414
grisly@ribands,16.792606792959912,69.35874834541626,0.014649810153548838
cheap@nectar,11.859884125889508,59.4503557246425,0.11325868389555205
lacedcavern,16.792606792959912,54.49615941425563,0.9443086473655086
needest!crones,11.526550792556172,69.35874834541626,0.47710229321376674
further-note,12.054854746877265,59.4503557246425,0.23350083663109228
delighted-summons,16.792606792959912,84.22133727657689,0.9425759055801102
awfulbeat,12.633809521537994,44.587766793481876,0.45739632754377774
rural-lore,11.695537899661659,49.54196310386875,0.23522179130970067
foemanspoons,16.792606792959912,59.4503557246425,0.9452358338974896
slightest@signal,16.792606792959912,79.26714096619001,0.060193412459929665
cool@delusion,11.967193490851958,64.40455203502938,0.12006627476351651
sainted.rill,11.500554397229472,59.4503557246425,0.47551827127353363
steep@sake,11.488064878927528,49.54196310386875,0.4596473545239298
humble@sate,17.18258179344068,54.49615941425563,0.9483380234088385
propitious!mistake,17.125940126293244,89.17553358696375,0.2417979937833378
serene.bachelor,17.038261991015315,74.31294465580312,0.4600268364185737
dangerous.camel,11.500554397229472,74.31294465580312,0.0018823296435002397
nicest.soddayne,16.792606792959912,74.31294465580312,0.9447155976924971
glum.slavey,11.526550792556172,54.49615941425563,0.9528588271452961
absolute.doors,11.500554397229472,69.35874834541626,0.45964381180116703
formal!reflection,11.526550792556172,84.22133727657689,0.242806610508606
shut!tincture,16.792606792959912,64.40455203502938,0.9438577715542738
flat.crane,11.998221519282081,49.54196310386875,0.9507412531945064
regal@torty,16.792606792959912,54.49615941425563,0.4510233895741839
waterproof-affection,16.792606792959912,99.0839262077375,0.1127159714160311
naughty@stranger,14.877341121019755,79.26714096619001,0.9261370528991744
extraneousorchestra,16.792606792959912,94.12972989735063,0.461557636315559
cheapphrases,17.125940126293244,59.4503557246425,0.47547903662468605
supple@esquire,11.859875686189136,69.35874834541626,0.932946202358962
brave.bheesties,16.792606792959912,74.31294465580312,0.9507166769202623
mental@fringing,16.792606792959912,74.31294465580312,0.9500835754316788
narrow-helm,16.792606792959912,54.49615941425563,0.9488593651252357
fourth!governor,17.125940126293244,74.31294465580312,0.47552053115190834
winsome!head,11.811228347653904,59.4503557246425,0.0037859664474459175
twirly-dozens,9.611285120616019,64.40455203502938,0.9529937790173174
hatefulpresence,16.792606792959912,74.31294465580312,0.23351434466982773
praiseworthymaids,11.630535329298825,84.22133727657689,0.9522574090357274
silver@cheeks,16.86673760007206,64.40455203502938,0.1181359951507398
deadly.leeds,11.500554397229472,59.4503557246425,0.9515137037673809
obscurewine,11.82551759105219,54.49615941425563,0.24508626950813656
pink.handkerchiefs,17.075272428478225,89.17553358696375,0.4771325129349096
gingerbreadacid,14.877341121019755,74.31294465580312,0.9512450104366595
excellent.term,16.792606792959912,69.35874834541626,0.9405725807113466
needest!power,11.500554397229472,64.40455203502938,0.0002341921473662668
majestic!clamour,14.877341121019755,79.26714096619001,0.23445676765990656
leafy-firelight,16.792606792959912,74.31294465580312,0.23442337753077122
bent.craze,9.344369114359667,49.54196310386875,0.2418577405424213
proper!rill,11.588232532507403,54.49615941425563,0.060196454954384554
nicewretch,14.139878295527287,49.54196310386875,0.9355379444812071
rural!cauliflower,11.859875686189136,84.22133727657689,0.9257849535456482
mysterious!actions,16.792606792959912,89.17553358696375,0.11271513647456997
aware-horse,12.073017641414546,54.49615941425563,0.9509018934378929
haunted-nieces,11.526550792556172,69.35874834541626,0.11417701607529299
tropical.wills,16.792606792959912,69.35874834541626,0.9502242837130412
youngascent,9.792862014356206,54.49615941425563,0.9527213425994017
tender.coats,17.125940126293244,59.4503557246425,0.45737123901431853
cloudless.letter,16.792606792959912,79.26714096619001,0.9438237586865115
subduedbutton,12.19320057997021,64.40455203502938,0.059559439301179136
nonsense@habits,9.46945871995785,74.31294465580312,0.46153658430954386
broad.sages,16.792606792959912,54.49615941425563,0.11419476997632577
entire-youth,12.633792644062535,59.4503557246425,0.9531362259083223
ghostly!heaven,16.792606792959912,69.35874834541626,0.015249977379194733
hollowsweets,17.125940126293244,59.4503557246425,0.95299946368955
bespangled@confusion,11.526550792556172,99.0839262077375,0.9507404421441874
youngest-zemmery,16.987594293200292,79.26714096619001,0.4537446454601309
nursy-chariots,14.877341121019755,69.35874834541626,0.9513110785860028
fresh!themes,16.792606792959912,59.4503557246425,0.9506018393172608
faint!beadle,11.769672704582005,59.4503557246425,0.9511020442916661
slipperyhoddy,16.792606792959912,64.40455203502938,0.477128516096998
gingerbread@debate,14.877341121019755,89.17553358696375,0.45648097858120806
idiotic-snores,11.526550792556172,69.35874834541626,0.9513286361452487
extraneous@thrills,11.526550792556172,89.17553358696375,0.44856845928899103
extreme.proposal,14.877341121019755,79.26714096619001,0.9506708819228701
heavy!manner,12.116996820221384,59.4503557246425,0.9499902071641632
fairer.torture,16.792606792959912,69.35874834541626,0.9203316701151134
wrong@traveler,17.371595324348647,69.35874834541626,0.9352304175345844
bountiful-motion,11.492192115470786,79.26714096619001,0.9534530293640904
willing!sweetness,17.125940126293244,84.22133727657689,0.9444065247852679
ready!wedding,16.856821818940706,64.40455203502938,0.0019191860867645782
mumbian@writing,16.792606792959912,74.31294465580312,0.24412990486611022
sick-eggs,12.331546413063156,44.587766793481876,0.9265968238637213
slightbeasticles,16.792606792959912,79.26714096619001,0.06019341251745119
huge-calf,16.792606792959912,44.587766793481876,0.452755869776331
bitterwheaten,16.86673760007206,64.40455203502938,0.4526088366970865
drunkwarrior,16.792606792959912,59.4503557246425,0.45992172928318137
legged!notice,16.792606792959912,64.40455203502938,0.4755841017482236
ridiculous@blame,11.859875686189136,79.26714096619001,0.06046156430759255
foreign!chambers,16.792606792959912,79.26714096619001,0.9443180524089115
visionary@mark,11.526550792556172,69.35874834541626,0.06047441555319803
mere@plates,16.792606792959912,54.49615941425563,0.47244493069898685
dressy.return,11.833883732754607,64.40455203502938,0.9528030294171549
warm.essence,17.26428595938619,59.4503557246425,0.9364845923223722
good@ware,9.148492573402702,44.587766793481876,0.9333882854232791
sacred-foaming,17.125940126293244,69.35874834541626,0.46170612239200753
orange!prize,14.877341121019755,59.4503557246425,0.23441280933409642
gromboolian.darkness,17.320927626533628,99.0839262077375,0.9511119164344607
gladfathers,16.889108998691572,54.49615941425563,0.9533650456474789
baleful!afar,11.526550792556172,59.4503557246425,0.9487841858977323
undeveloped.bridge,14.877341121019755,89.17553358696375,0.943876547978814
such-essence,14.066194411252612,59.4503557246425,0.9515173027122037
periwinkle@repast,11.526550792556172,84.22133727657689,0.4537870553120068
less.unrest,14.984650485982211,54.49615941425563,0.4598908362890992
fairer.photographing,11.526550792556172,99.0839262077375,0.9362829198934028
golden-cutlet,16.88028492823784,64.40455203502938,0.4539876163552545
sudorific@remorse,11.492192115470786,84.22133727657689,0.9452574869456088
profound-mind,11.871906997126887,64.40455203502938,0.951111810016498
ceaselessgooseberries,16.792606792959912,104.03812251812438,0.11219852050379116
fishy.finger,11.859875686189136,59.4503557246425,0.9401496310339252
odious.sailors,16.792606792959912,69.35874834541626,0.9333955590230478
flagrant-padding,15.685297427997456,79.26714096619001,0.2344621317582485
scroobiousdoggie,11.10851041126684,79.26714096619001,0.9486430969827216
wiser!building,16.792606792959912,69.35874834541626,0.9328299855999211
vindictive-hornpipe,16.792606792959912,94.12972989735063,0.9531473759974063
laced-shoes,11.821392369296717,54.49615941425563,0.24321691517975974
trueevermore,10.3164273138367,59.4503557246425,0.015307597690080842
minor!ruins,16.792606792959912,54.49615941425563,0.9447666998426236
underground-hand,11.932465979531214,79.26714096619001,0.45874325742942806
efficacious-cousins,16.792606792959912,94.12972989735063,0.9510654427407408
matted.reciting,11.526550792556172,74.31294465580312,0.47515908968884635
nice.measure,8.87382229512355,59.4503557246425,0.1190179986231901
fatter-names,16.792606792959912,59.4503557246425,0.9447607113044011
toothsomenight,11.830188918660888,69.35874834541626,0.9264114800973627
obese@fetch,17.125940126293244,54.49615941425563,0.9507637541655364
dead-mercy,15.044841234529486,49.54196310386875,0.46157011990238783
golden.movement,16.88028492823784,74.31294465580312,0.45962333005035827
spasmodic-wanderer,16.792606792959912,89.17553358696375,0.9261276568113794
violent!ducklings,16.792606792959912,84.22133727657689,0.9438795534262779
steadfast@wave,11.818932565589334,69.35874834541626,0.461799092434806
unintelligiblesighs,12.19320057997021,94.12972989735063,0.4755092208728626
obsequious@file,11.500554397229472,74.31294465580312,0.9298747604101354
abstemiousparchment,16.792606792959912,94.12972989735063,0.9450076656243072
huge-rubber,11.526550792556172,54.49615941425563,0.9529224859764268
distinguished.zikky,16.792606792959912,94.12972989735063,0.23327994378265435
rural!girdle,16.792606792959912,59.4503557246425,0.9154880777736436
curious.tract,16.792606792959912,64.40455203502938,0.0018848269766882225
actual.foaming,16.792606792959912,69.35874834541626,0.45940814121694634
lovingsympathies,16.792606792959912,79.26714096619001,0.06033186644908154
ceaseless!fight,12.300493066272468,74.31294465580312,0.9290693603713664
bluepresent,9.86073126550175,54.49615941425563,0.12071716084609672
efficacioustravels,16.792606792959912,89.17553358696375,0.9156533603127354
barbary-luxuries,16.792606792959912,79.26714096619001,0.244396735829619
slight-gulls,16.792606792959912,59.4503557246425,0.9442806901498207
abstemious-fibre,16.792606792959912,79.26714096619001,0.9261306855355323
glassy!glamour,16.792606792959912,69.35874834541626,0.014640182847447114
morbid!sweets,17.125940126293244,64.40455203502938,0.9525024852611196
dusty@beads,11.526550792556172,54.49615941425563,0.47242367528945944
fastidious-wrapper,16.792606792959912,89.17553358696375,0.9300021974082455
gratified.rooks,9.611285120616019,74.31294465580312,0.9508993346931772
pleasant!tree,9.433979479675388,64.40455203502938,0.4565460725168434
changeless!fimble,17.125940126293244,84.22133727657689,0.23327958733405135
obese-diddle,16.792606792959912,59.4503557246425,0.45878868495988706
cloudy-mittens,11.859875686189136,69.35874834541626,0.014933227750597187
flightytosh,14.877341121019755,54.49615941425563,0.9510930319232066
chippy.fruits,9.45167847932212,64.40455203502938,0.9334681139137617
orangegovernor,15.21067445435309,69.35874834541626,0.44982166922443334
copious@meadow,16.792606792959912,69.35874834541626,0.9482072986360104
confidential!creatures,16.792606792959912,108.99231882851126,0.4599539421281507
convivialorange,12.054854746877265,74.31294465580312,0.11201686318256446
french@shoals,11.859875686189136,64.40455203502938,0.9352900407774819
welcoming!event,16.792606792959912,74.31294465580312,0.06047889179076825
behold.lath,14.768402177540874,54.49615941425563,0.9297385651079563
prone!discoveries,14.877341121019755,84.22133727657689,0.9525862727918128
sicklyfigs,11.695537899661659,49.54196310386875,0.12078524195047176
grand-nullahs,14.877341121019755,64.40455203502938,0.45631358292797974
expansive-excess,17.125940126293244,79.26714096619001,0.9506902620104503
distressing.bottlephorkia,16.792606792959912,123.85490775967187,0.9362837131354176
circular.amblongusses,14.877341121019755,104.03812251812438,0.4615949234442398
deadly.shame,11.526550792556172,59.4503557246425,0.11361069257036843
interestedveal,12.388171201550401,69.35874834541626,0.9529285843435612
zealous@clatter,16.792606792959912,74.31294465580312,0.9486432968133689
ghastly!closing,16.792606792959912,74.31294465580312,0.4537937149307257
chankly-figure,12.167221063896138,69.35874834541626,0.9515242955290507
concentrated!listening,11.859875686189136,108.99231882851126,0.9355187554268732
valuable@knowledge,14.877341121019755,89.17553358696375,0.9507403340205409
complete.propriety,17.459273459626576,89.17553358696375,0.9500715819587012
severereplies,11.500554397229472,64.40455203502938,0.23344688189090837
tyll!skin,14.877341121019755,44.587766793481876,0.9529472276959603
ageing@truthfulness,16.792606792959912,94.12972989735063,0.0037861709935688302
behold.cantab,9.476349781810436,64.40455203502938,0.23338246617605635
hollow@comer,11.526550792556172,59.4503557246425,0.2366697054853316
silly@branches,16.792606792959912,69.35874834541626,0.24273142767079892
rosyfield,12.300501505528516,44.587766793481876,0.9404502069873961
instructive-roads,16.792606792959912,84.22133727657689,0.44911075993486266
silly!behavior,11.526550792556172,69.35874834541626,0.2432166601853276
aware.spirit,17.04423596034773,59.4503557246425,0.9505391611412999
treacherous@cloud,11.833883732754607,84.22133727657689,0.943886390124784
zealous-anither,16.792606792959912,74.31294465580312,0.9486431277848161
willebyneedle,11.94118510220037,64.40455203502938,0.9489145648014081
yellow@pine,16.987594293200292,54.49615941425563,0.9452993759670413
chippy-bridge,14.71773447972586,64.40455203502938,0.23345478193721947
rosewoodwords,12.778124438317445,64.40455203502938,0.9205338631279651
meditative-tusks,16.792606792959912,79.26714096619001,0.9347496197487846
ordinaryryghte,17.125940126293244,69.35874834541626,0.9513015965989187
tropical!gong,11.492192115470786,64.40455203502938,0.45631910744457393
respectiveblessing,16.792606792959912,89.17553358696375,0.9290431812231965
comely.books,12.193192140566063,59.4503557246425,0.4572570318073025
bare.daylight,16.987594293200292,64.40455203502938,0.003765208021836211
syllogistic.lemon,16.792606792959912,84.22133727657689,0.47542569798972567
particular-chutney,11.526550792556172,89.17553358696375,0.11955163124255155
glassy.stile,16.792606792959912,59.4503557246425,0.9404340651806784
weakinformation,16.792606792959912,74.31294465580312,0.06047898818759502
unclean!whisper,16.792606792959912,74.31294465580312,0.4693123947289338
disgusting!sorrowing,11.526550792556172,99.0839262077375,0.4599358297812493
daily!mark,11.526550792556172,49.54196310386875,0.9530300802824806
left-despair,8.840362591249306,59.4503557246425,0.9505590022843337
woeful@bean,11.526550792556172,54.49615941425563,0.44907367658742425
tallest-ignorance,16.792606792959912,84.22133727657689,0.9533611180703158
much-babe,14.955496205565431,44.587766793481876,0.015250246662503582
various@horror,16.792606792959912,69.35874834541626,0.06027457369688272
vexatious!goblet,16.792606792959912,79.26714096619001,0.23337979965643493
studious-clap,16.792606792959912,64.40455203502938,0.9440048750610129
humble@channel,11.500554397229472,69.35874834541626,0.11345883521476381
rapt-interview,11.526550792556172,69.35874834541626,0.9364990772053632
efficacious!muffs,16.792606792959912,84.22133727657689,0.11325457795556954
discordant@variazini,11.526550792556172,104.03812251812438,0.11272160145865433
special@strangeness,16.792606792959912,94.12972989735063,0.9450015478703437
difficult!pobble,17.18258179344068,79.26714096619001,0.4498160157183916
unsteady@cupful,16.792606792959912,74.31294465580312,0.4693130695680058
keenest@knickerbockers,16.792606792959912,108.99231882851126,0.23443850911619768
mucilaginous-room,9.800149115240227,84.22133727657689,0.9500812423137859
eminent@brat,16.792606792959912,59.4503557246425,0.23346093098297538
same@flame,9.992752865734799,49.54196310386875,0.454051785482321
rosy!curtsey,11.526550792556172,59.4503557246425,0.47713031678962314
sweeter@doors,11.500554397229472,64.40455203502938,0.46154185457592095
devoidgooseberry,12.193192140566063,79.26714096619001,0.0604767798937585
deadly@doggie,12.583133384911207,64.40455203502938,0.9515687114615019
fifteenth.thrush,9.585288725289317,79.26714096619001,0.4755897709226147
softkind,10.201739005861969,39.633570483095006,0.23452273348187458
amusingcowardice,16.792606792959912,79.26714096619001,0.9443302045351467
romantic.trowsers,16.792606792959912,84.22133727657689,0.460029763577091
dismal-bytte,12.054854746877265,59.4503557246425,0.4599562638115697
brave!ivory,16.792606792959912,54.49615941425563,0.12071265729922662
holy!snake,11.526550792556172,49.54196310386875,0.9401335787948568
sunny!yesterday,11.859875686189136,74.31294465580312,0.4498101823541774
fatter!castle,16.792606792959912,64.40455203502938,0.9438650593302994
minorperformance,16.792606792959912,79.26714096619001,0.9297186375128939
dusky.fowls,16.792606792959912,54.49615941425563,0.23519595224333195
chankly-saucers,17.459273459626576,74.31294465580312,0.23452546228624724
fatal!stairs,16.792606792959912,59.4503557246425,0.23452460675522993
random.luxuries,16.792606792959912,74.31294465580312,0.9297396918035316
homeward-degrees,11.859875686189136,79.26714096619001,0.935218241496245
pellucidcares,11.526550792556172,64.40455203502938,0.014983415727141207
formerlongitudes,16.987594293200292,79.26714096619001,0.242924518974624
charneldarkness,16.792606792959912,74.31294465580312,0.9297371407139712
slim@cupful,17.125940126293244,54.49615941425563,0.4574505735090293
sudden@toilette,16.792606792959912,74.31294465580312,0.23352237201968618
fimble-crimes,11.859884125889508,64.40455203502938,0.4587722044106631
richest!thirst,11.492192115470786,69.35874834541626,0.06047720591590875
smallest@propriety,16.792606792959912,89.17553358696375,0.4693900618163773
tangled@fume,11.526550792556172,59.4503557246425,0.9137458214233527
halfhope,11.948598146843805,39.633570483095006,0.9488276839071506
goblin.souvenaunce,11.526550792556172,89.17553358696375,0.4754491474961701
crested@monument,11.526550792556172,79.26714096619001,0.23352161215936673
obnoxious.shufflings,16.792606792959912,99.0839262077375,0.9529173570768477
immoderate-problem,16.792606792959912,89.17553358696375,0.23441426757895115
heavenward-justice,16.792606792959912,89.17553358696375,0.23334787070082855
crystal.sympathies,14.877341121019755,89.17553358696375,0.9504637185546334
waterproof.island,16.792606792959912,84.22133727657689,0.9451264467763855
ridiculoussnakes,16.792606792959912,79.26714096619001,0.46157935319439725
plainer-blame,11.859875686189136,64.40455203502938,0.4588411675505073
happy.epicure,16.930952626052857,64.40455203502938,0.46124164403266077
shut@care,12.123675601192632,44.587766793481876,0.9403852729523334
friskier-case,16.86673760007206,64.40455203502938,0.2344228425025501
hoary-wilts,11.500554397229472,54.49615941425563,0.9490276755486563
keenest@blood,11.859875686189136,64.40455203502938,0.2438084947454502
sleepest@running,16.792606792959912,79.26714096619001,0.46155128007666313
duller-sparrows,16.792606792959912,74.31294465580312,0.4598019206968706
bodiedsquinting,16.792606792959912,74.31294465580312,0.9510927331240837
easier@crabbies,14.877341121019755,74.31294465580312,0.9446786557781944
much!letters,14.955496205565431,59.4503557246425,0.015279273286454788
bold-curves,16.792606792959912,54.49615941425563,0.944266162412214
dumpythanks,9.944610014248981,54.49615941425563,0.12071359764002194
fastidious!departure,16.792606792959912,99.0839262077375,0.9259419141571583
fine.clouds,12.005400128181165,54.49615941425563,0.9505403522053143
gingerbread!bugle,14.877341121019755,84.22133727657689,0.4753257027504624
heavenly!post,11.75717734331592,64.40455203502938,0.952800174988075
cheapest!wonder,11.859875686189136,74.31294465580312,0.9507841715221103
innumerable.flour,11.526550792556172,84.22133727657689,0.11951183896801457
orbicular@fool,9.57692644353063,69.35874834541626,0.2433239169931364
broad.regret,11.526550792556172,59.4503557246425,0.9155900037961051
grand-sides,14.877341121019755,54.49615941425563,0.4572479902668226
deemest@fellow,11.500554397229472,69.35874834541626,0.4526841232322056
provoking-fire,12.06704367208213,69.35874834541626,0.9505743992103898
charming.gown,11.833879734979645,64.40455203502938,0.9534548377263845
wholesome@bear,11.654331042170805,69.35874834541626,0.4577491333781749
tinged!while,12.49129963452122,59.4503557246425,0.45398055237480855
unknowing-dumbree,9.585288725289317,84.22133727657689,0.9529945315036744
back!fays,9.859142619767603,44.587766793481876,0.9266766857323713
inlandcooks,16.792606792959912,54.49615941425563,0.9506486209731111
inclined!creature,17.125940126293244,84.22133727657689,0.47560334656462805
tranquil!sleeves,16.792606792959912,79.26714096619001,0.12000169040002588
poor.month,14.877341121019755,49.54196310386875,0.9488380030105537
mindless.plumes,11.526550792556172,74.31294465580312,0.9138975067153788
dainty@kings,11.500554397229472,59.4503557246425,0.9206261407607254
brief-sound,11.859887194908183,54.49615941425563,0.4598884919287797
solitary.tongue,16.987594293200296,74.31294465580312,0.9506714300765933
false!idiot,16.792606792959912,54.49615941425563,0.4618056858800704
keenest-lace,11.526550792556172,59.4503557246425,0.9300133411361595
offensive.fume,9.611285120616019,69.35874834541626,0.2345395173993756
steadfastspan,11.526550792556172,64.40455203502938,0.452810530892941
marble@outskirts,16.792606792959912,79.26714096619001,0.2428029620826985
slender!madness,16.987594293200292,74.31294465580312,0.2427155966469205
winsome!posteses,16.792606792959912,79.26714096619001,0.4599216041128736
satin-slavey,11.526550792556172,59.4503557246425,0.4564825568243519
fifteenth.answering,9.944610014248981,94.12972989735063,0.4565506587181548
lavish.quake,11.526550792556172,59.4503557246425,0.24300342332062047
celestial!sponge,16.792606792959912,79.26714096619001,0.9452523137571677
intertwined-bachelors,16.899916157922366,104.03812251812438,0.45655058015166056
trustful@pinch,16.792606792959912,69.35874834541626,0.9504608384371722
renowned.tokens,14.877341121019755,74.31294465580312,0.4587774610355269
ganeblow,11.711624750794249,39.633570483095006,0.9530298200780465
fierce@wretch,16.792606792959912,64.40455203502938,0.4600585552527629
fleecyryghte,17.125940126293244,59.4503557246425,0.4599217390007962
verbal.families,12.071164931484054,74.31294465580312,0.4599253116158225
impossible!nutmeg,16.792606792959912,84.22133727657689,0.46930863085684105
only.trap,8.937241468474097,44.587766793481876,0.9265575546864957
french.sire,11.833879734979645,54.49615941425563,0.23325044172316575
luminouspassion,12.145306215456117,74.31294465580312,0.944408013983709
gray-speech,12.673383004361387,54.49615941425563,0.9529876950255145
trellised.summers,16.899916157922366,84.22133727657689,0.9511008396089146
monstrous-ladye,10.065471185567132,74.31294465580312,0.44981567074502893
stunning!dumbree,11.695541897469854,79.26714096619001,0.23337776010497885
fearless-boats,16.792606792959912,69.35874834541626,0.9203284947881542
bigger.wigs,11.526550792556172,54.49615941425563,0.2418576970715406
tangled.weather,11.825520210288566,74.31294465580312,0.9398491918353521
polished-nothingness,16.792606792959912,99.0839262077375,0.45652755869149897
hatefulforks,16.792606792959912,59.4503557246425,0.45577564112882907
disgusting.leeds,11.500554397229472,79.26714096619001,0.06018465568171987
helpless.cormorants,16.792606792959912,94.12972989735063,0.950047773494433
cloudycompany,12.054854746877265,64.40455203502938,0.11345948584637847
syllabub!oration,11.526550792556172,79.26714096619001,0.9488240766766182
loud.grandfathers,16.987594293200292,84.22133727657689,0.24434486837874228
vexed!handkerchiefs,16.88028492823784,94.12972989735063,0.24173450451138684
drearsweety,16.792606792959912,54.49615941425563,0.9452420699597552
happy-countrie,11.630537948563735,69.35874834541626,0.9333895594215823
brave.spring,12.054854746877265,59.4503557246425,0.4587883078900414
susceptiblefoam,16.792606792959912,74.31294465580312,0.233522171942749
triumphant.boosey,11.526550792556172,84.22133727657689,0.4695694654725281
charnel!pusillanimous,11.526550792556172,104.03812251812438,0.9405112969998872
scarlet-west,11.749032842750458,59.4503557246425,0.4615774896535918
laudable.sheet,11.859875686189136,69.35874834541626,0.1141615661809246
perplexing!holes,16.792606792959912,79.26714096619001,0.47546382122501935
verdantmermaids,16.792606792959912,74.31294465580312,0.9300147472636711
solemn-snake,11.526550792556172,59.4503557246425,0.45727313714997697
strict-cats,11.980735307359906,54.49615941425563,0.9499908051127477
woolly@empress,10.13958907493711,69.35874834541626,0.9350321910560037
blue-houses,10.228405815015623,54.49615941425563,0.951521521280945
tempestuousdilution,16.792606792959912,94.12972989735063,0.9297183727081988
fishyhorizon,11.526550792556172,59.4503557246425,0.4615795869266923
aghastoutskirts,17.320927626533628,74.31294465580312,0.45384212182794054
humble@mutton,16.792606792959912,64.40455203502938,0.12010158104301946
free.others,11.890525399902042,54.49615941425563,0.4578184790658297
unaided@paint,12.028871232994993,64.40455203502938,0.4569240479477939
rosy!abstract,16.792606792959912,64.40455203502938,0.45404412340267514
woolly.mulberry,15.07232862126014,74.31294465580312,0.9528617187444078
aimless-thoughts,16.88028492823784,79.26714096619001,0.9450188128202021
provoking!tunes,16.930952626052857,74.31294465580312,0.003768596882623211
ecstatic.boss,17.459273459626576,64.40455203502938,0.47532685543909187
eclectic-showers,11.526550792556172,79.26714096619001,0.23315909145804348
bold!epicure,16.792606792959912,59.4503557246425,0.11416292842373159
better@kangaroo,11.577764401689942,74.31294465580312,0.9146831429653554
darkest-buzz,12.193192140566063,59.4503557246425,0.951239196741225
mature!gong,9.57692644353063,54.49615941425563,0.9442623428264828
scarlet-orient,16.987594293200292,69.35874834541626,0.24305319053312474
hauntedcurry,16.792606792959912,59.4503557246425,0.11950688356035903
stumpy!tier,14.877341121019755,54.49615941425563,0.4564829309695858
sunkenmetre,16.792606792959912,54.49615941425563,0.4754955144959387
topmost!guise,11.526550792556172,64.40455203502938,0.9443320430558175
fifteenth@gifts,15.21067445435309,74.31294465580312,0.23537326268097838
lighter!park,11.492192115470786,59.4503557246425,0.9443022014451299
distasteful!crag,16.792606792959912,79.26714096619001,0.9486463192350589
browny.parleying,9.256690979081734,79.26714096619001,0.45883109706107367
uncertain!frog,12.102990046881956,69.35874834541626,0.9531560846600703
magnificent-plague,11.526550792556172,89.17553358696375,0.4483223398470337
smallest.candle,11.82551759105219,74.31294465580312,0.9442813644472365
impossibleyear,11.683048483850596,69.35874834541626,0.2352375299959039
fine.stillness,16.856821818940706,69.35874834541626,0.23325802716598712
squeaky!inly,16.792606792959912,59.4503557246425,0.11325567467988332
nosed!brothers,17.125940126293244,69.35874834541626,0.11416206500294829
harsh-objects,16.792606792959912,64.40455203502938,0.060473670107651985
idiotic.houses,12.193192140566063,69.35874834541626,0.11417701575755469
fruitage@apes,16.792606792959912,64.40455203502938,0.9502500738445367
most@stool,14.781949505706656,49.54196310386875,0.4614117876674536
easy!proposal,16.930952626052857,64.40455203502938,0.4615126985204318
sacred-agent,17.125940126293244,59.4503557246425,0.45774918383669216
praiseworthy-wife,12.020499852862615,84.22133727657689,0.23355573204208452
mental-coronets,11.526550792556172,74.31294465580312,0.9521653784863269
uncommon@dining,16.792606792959912,74.31294465580312,0.469312940311132
happiest!hamlet,16.792606792959912,74.31294465580312,0.2335143445249303
contemptuous!sentence,11.526550792556172,104.03812251812438,0.9507544036384935
oceanthird,12.158845685955564,49.54196310386875,0.2452024061713523
crowdedmouth,12.193192140566063,59.4503557246425,0.45622084655126555
proper!herald,16.88028492823784,64.40455203502938,0.9259635079481088
richest@kitmutgars,16.792606792959912,89.17553358696375,0.9298551572435331
arithmetic-concern,11.526550792556172,89.17553358696375,0.951093591743427
strict.vitruvius,11.526550792556172,79.26714096619001,0.9364495003917344
steadyhaze,11.859884125889508,49.54196310386875,0.9203135984888687
manlyfibre,16.792606792959912,49.54196310386875,0.9447612100237578
delusive@road,11.526550792556172,64.40455203502938,0.46141589400069744
anxioustears,11.893942941198373,59.4503557246425,0.9138968444751981
studious!rocks,12.158837828417617,69.35874834541626,0.0604791899120072
alone.tenant,17.459273459626576,59.4503557246425,0.9355232141470818
glittering.tenant,16.792606792959912,84.22133727657689,0.9398467289145384
rugged-words,12.583136938077061,59.4503557246425,0.9446780102580631
gromboolian!strays,12.054871626129888,89.17553358696375,0.11325716118288237
ruggedseaman,16.792606792959912,59.4503557246425,0.45897912051335027
easy!solitude,11.833883732754607,64.40455203502938,0.951081834278081
painless-tincture,16.792606792959912,84.22133727657689,0.9395402995308335
fairishmessage,16.792606792959912,69.35874834541626,0.9202891501423448
late.virtues,16.987594293200292,59.4503557246425,0.9447859353519001
hush-wretch,14.984650485982211,54.49615941425563,0.477115332438461
stout@sire,12.436331375665512,49.54196310386875,0.9503939085136318
gentler-shade,11.821394316943543,64.40455203502938,0.23453738469843918
obese!cushion,16.792606792959912,64.40455203502938,0.0018734470867981558
newest.artist,11.526550792556172,64.40455203502938,0.9452515182544786
innocentstairs,14.877341121019755,69.35874834541626,0.477107279520903
latepopinjay,11.676251403143231,59.4503557246425,0.11325038954221293
innerstile,16.792606792959912,49.54196310386875,0.9530034766949659
youngest-poetry,16.987594293200292,74.31294465580312,0.4615688229977524
tropical@breath,11.928699786620234,74.31294465580312,0.9146979560477445
innocuous!baboon,11.859875686189136,79.26714096619001,0.0009354266662742977
pipple.banshee,10.118345145988787,69.35874834541626,0.4617824743031358
fidgetypuppet,16.792606792959912,64.40455203502938,0.9447527002394789
soft!cheese,9.841911671375764,54.49615941425563,0.23334435995169356
squishy@handkerchiefs,14.877341121019755,104.03812251812438,0.4539794552087976
undoubtedwish,12.266152431724437,64.40455203502938,0.9332695664893182
nutritiousrosebuds,16.792606792959912,89.17553358696375,0.0037660534415067406
western@lily,11.695537899661659,59.4503557246425,0.9529482285409043
saddest.curiosity,16.792606792959912,84.22133727657689,0.06019438329114411
ombliferoussoldier,16.792606792959912,89.17553358696375,0.9156548358247114
toweringboats,16.792606792959912,64.40455203502938,0.9447526683207254
patient.light,11.811628902058104,64.40455203502938,0.952980303472363
grossstream,11.595372296227378,54.49615941425563,0.45994327235675986
tyllsorrow,10.251931405605303,49.54196310386875,0.950588236665432
striped@omnibus,9.944610014248981,74.31294465580312,0.4570558695945229
divine-loops,16.792606792959912,59.4503557246425,0.11417659331313242
quangle@prize,15.665602847704442,64.40455203502938,0.23599821837013388
passive!gilt,17.125940126293244,59.4503557246425,0.45874317525711417
grey!affright,11.500554397229472,64.40455203502938,0.9439530646674191
eclectic.world,12.388172499887846,69.35874834541626,0.4596539255718698
interestedvisions,16.899916157922366,84.22133727657689,0.45901639755939905
unpleasant@lobsters,16.792606792959912,94.12972989735063,0.9300088275774016
appalling!melody,9.585288725289317,79.26714096619001,0.45877650284724325
rude@order,11.963868662632159,49.54196310386875,0.11835602134566224
weary!recreation,11.590765818536967,79.26714096619001,0.4694698805147979
eastern-remark,11.630535329298825,69.35874834541626,0.23315389215844065
littlereality,13.53902529486895,64.40455203502938,0.9441710749964419
tall.jacket,11.590765818536967,54.49615941425563,0.47714805599181387
motionless@pair,17.459273459626576,74.31294465580312,0.4485634092947749
praiseworthy@room,11.715414787180386,84.22133727657689,0.9438934186115483
excessive!smoke,11.492192115470786,74.31294465580312,0.9508652635827527
loud!hurry,12.223846740010188,49.54196310386875,0.0009349461877857655
saddestsweets,17.125940126293244,64.40455203502938,0.9529878037368096
